0.520149 0.320865 0.274669 -2.23604 0.0500815 -0.781461 
0.520149 0.320865 0.274669 -2.23604 0.0500815 -0.781461 
0.520149 0.320865 0.274669 -2.23604 0.0500815 -0.781461 
0.520149 0.320865 0.274669 -2.23604 0.0500815 -0.781461 
0.520149 0.320865 0.274669 -2.23604 0.0500817 -0.781461 
0.520149 0.320865 0.274669 -2.23604 0.0500818 -0.781461 
0.520149 0.320865 0.274669 -2.23604 0.050082 -0.781461 
0.520149 0.320865 0.274668 -2.23604 0.0500822 -0.781461 
0.520149 0.320865 0.274668 -2.23604 0.0500825 -0.781461 
0.52015 0.320865 0.274668 -2.23604 0.0500829 -0.781461 
0.52015 0.320865 0.274667 -2.23604 0.0500834 -0.781461 
0.52015 0.320865 0.274667 -2.23604 0.050084 -0.781462 
0.52015 0.320865 0.274666 -2.23604 0.0500847 -0.781462 
0.520151 0.320865 0.274666 -2.23605 0.0500855 -0.781462 
0.520151 0.320865 0.274665 -2.23605 0.0500864 -0.781462 
0.520152 0.320865 0.274664 -2.23605 0.0500875 -0.781462 
0.520152 0.320865 0.274663 -2.23605 0.0500886 -0.781463 
0.520153 0.320865 0.274662 -2.23605 0.05009 -0.781463 
0.520154 0.320865 0.274661 -2.23605 0.0500915 -0.781463 
0.520154 0.320865 0.274659 -2.23606 0.0500931 -0.781464 
0.520155 0.320865 0.274658 -2.23606 0.0500949 -0.781464 
0.520156 0.320865 0.274656 -2.23606 0.0500969 -0.781465 
0.520157 0.320865 0.274654 -2.23606 0.0500991 -0.781465 
0.520158 0.320865 0.274652 -2.23607 0.0501015 -0.781466 
0.520159 0.320865 0.27465 -2.23607 0.0501041 -0.781466 
0.520161 0.320865 0.274648 -2.23608 0.0501069 -0.781467 
0.520162 0.320865 0.274645 -2.23608 0.0501099 -0.781468 
0.520163 0.320865 0.274643 -2.23608 0.0501131 -0.781469 
0.520165 0.320865 0.27464 -2.23609 0.0501165 -0.781469 
0.520167 0.320865 0.274637 -2.23609 0.0501202 -0.78147 
0.520169 0.320865 0.274633 -2.2361 0.0501242 -0.781471 
0.52017 0.320865 0.27463 -2.23611 0.0501284 -0.781472 
0.520173 0.320865 0.274626 -2.23611 0.0501329 -0.781473 
0.520175 0.320865 0.274622 -2.23612 0.0501376 -0.781474 
0.520177 0.320865 0.274618 -2.23612 0.0501426 -0.781476 
0.520179 0.320865 0.274614 -2.23613 0.0501479 -0.781477 
0.520182 0.320865 0.274609 -2.23614 0.0501535 -0.781478 
0.520185 0.320865 0.274604 -2.23615 0.0501594 -0.78148 
0.520188 0.320865 0.274599 -2.23616 0.0501656 -0.781481 
0.52019 0.320865 0.274594 -2.23617 0.0501721 -0.781483 
0.520194 0.320866 0.274588 -2.23618 0.0501789 -0.781484 
0.520197 0.320866 0.274582 -2.23619 0.0501861 -0.781486 
0.5202 0.320866 0.274576 -2.2362 0.0501935 -0.781488 
0.520204 0.320866 0.274569 -2.23621 0.0502014 -0.78149 
0.520208 0.320866 0.274562 -2.23622 0.0502095 -0.781492 
0.520212 0.320866 0.274555 -2.23623 0.0502181 -0.781494 
0.520216 0.320866 0.274548 -2.23624 0.0502269 -0.781496 
0.52022 0.320866 0.27454 -2.23626 0.0502362 -0.781498 
0.520224 0.320866 0.274532 -2.23627 0.0502458 -0.7815 
0.520229 0.320866 0.274524 -2.23628 0.0502558 -0.781503 
0.520234 0.320866 0.274515 -2.2363 0.0502662 -0.781505 
0.520239 0.320866 0.274506 -2.23631 0.050277 -0.781508 
0.520244 0.320866 0.274497 -2.23633 0.0502882 -0.781511 
0.520249 0.320866 0.274487 -2.23634 0.0502998 -0.781513 
0.520255 0.320866 0.274477 -2.23636 0.0503118 -0.781516 
0.52026 0.320866 0.274467 -2.23638 0.0503242 -0.781519 
0.520266 0.320866 0.274456 -2.2364 0.0503371 -0.781522 
0.520272 0.320867 0.274445 -2.23641 0.0503504 -0.781526 
0.520278 0.320867 0.274434 -2.23643 0.0503641 -0.781529 
0.520285 0.320867 0.274422 -2.23645 0.0503783 -0.781532 
0.520292 0.320867 0.27441 -2.23647 0.0503929 -0.781536 
0.520299 0.320867 0.274397 -2.23649 0.0504079 -0.781539 
0.520306 0.320867 0.274384 -2.23652 0.0504235 -0.781543 
0.520313 0.320867 0.274371 -2.23654 0.0504395 -0.781547 
0.520321 0.320867 0.274357 -2.23656 0.050456 -0.781551 
0.520328 0.320867 0.274343 -2.23658 0.0504729 -0.781555 
0.520336 0.320868 0.274329 -2.23661 0.0504904 -0.781559 
0.520345 0.320868 0.274314 -2.23663 0.0505083 -0.781563 
0.520353 0.320868 0.274299 -2.23666 0.0505267 -0.781568 
0.520362 0.320868 0.274283 -2.23668 0.0505456 -0.781572 
0.520371 0.320868 0.274267 -2.23671 0.0505651 -0.781577 
0.52038 0.320868 0.27425 -2.23674 0.050585 -0.781582 
0.520389 0.320868 0.274233 -2.23677 0.0506055 -0.781587 
0.520399 0.320869 0.274216 -2.2368 0.0506265 -0.781592 
0.520409 0.320869 0.274198 -2.23683 0.050648 -0.781597 
0.520419 0.320869 0.27418 -2.23686 0.0506701 -0.781602 
0.520429 0.320869 0.274161 -2.23689 0.0506927 -0.781608 
0.52044 0.320869 0.274142 -2.23692 0.0507159 -0.781613 
0.520451 0.320869 0.274122 -2.23695 0.0507396 -0.781619 
0.520462 0.32087 0.274102 -2.23699 0.0507638 -0.781625 
0.520473 0.32087 0.274082 -2.23702 0.0507887 -0.781631 
0.520485 0.32087 0.274061 -2.23706 0.0508141 -0.781637 
0.520497 0.32087 0.274039 -2.23709 0.05084 -0.781643 
0.520509 0.320871 0.274017 -2.23713 0.0508666 -0.78165 
0.520522 0.320871 0.273995 -2.23717 0.0508937 -0.781656 
0.520534 0.320871 0.273972 -2.23721 0.0509214 -0.781663 
0.520547 0.320871 0.273948 -2.23725 0.0509497 -0.78167 
0.520561 0.320872 0.273924 -2.23729 0.0509786 -0.781677 
0.520574 0.320872 0.2739 -2.23733 0.0510081 -0.781684 
0.520588 0.320872 0.273875 -2.23737 0.0510382 -0.781691 
0.520602 0.320872 0.27385 -2.23741 0.051069 -0.781699 
0.520617 0.320873 0.273824 -2.23745 0.0511003 -0.781706 
0.520631 0.320873 0.273798 -2.2375 0.0511323 -0.781714 
0.520646 0.320873 0.273771 -2.23754 0.0511649 -0.781722 
0.520661 0.320874 0.273743 -2.23759 0.0511981 -0.78173 
0.520677 0.320874 0.273715 -2.23764 0.051232 -0.781738 
0.520693 0.320874 0.273687 -2.23768 0.0512665 -0.781746 
0.520709 0.320875 0.273658 -2.23773 0.0513017 -0.781755 
0.520726 0.320875 0.273628 -2.23778 0.0513375 -0.781763 
0.520742 0.320876 0.273598 -2.23783 0.0513739 -0.781772 
0.520759 0.320876 0.273568 -2.23789 0.051411 -0.781781 
0.520777 0.320876 0.273537 -2.23794 0.0514488 -0.78179 
0.520795 0.320877 0.273505 -2.23799 0.0514873 -0.7818 
0.520813 0.320877 0.273473 -2.23804 0.0515264 -0.781809 
0.520831 0.320878 0.27344 -2.2381 0.0515662 -0.781819 
0.52085 0.320878 0.273407 -2.23816 0.0516067 -0.781829 
0.520869 0.320879 0.273373 -2.23821 0.0516478 -0.781839 
0.520888 0.320879 0.273339 -2.23827 0.0516897 -0.781849 
0.520907 0.32088 0.273304 -2.23833 0.0517322 -0.781859 
0.520927 0.32088 0.273268 -2.23839 0.0517755 -0.78187 
0.520948 0.320881 0.273232 -2.23845 0.0518194 -0.78188 
0.520968 0.320882 0.273196 -2.23851 0.0518641 -0.781891 
0.520989 0.320882 0.273159 -2.23858 0.0519094 -0.781902 
0.52101 0.320883 0.273121 -2.23864 0.0519555 -0.781913 
0.521032 0.320883 0.273083 -2.2387 0.0520023 -0.781925 
0.521054 0.320884 0.273044 -2.23877 0.0520498 -0.781936 
0.521076 0.320885 0.273004 -2.23884 0.0520981 -0.781948 
0.521099 0.320885 0.272964 -2.2389 0.052147 -0.78196 
0.521122 0.320886 0.272924 -2.23897 0.0521968 -0.781972 
0.521145 0.320887 0.272882 -2.23904 0.0522472 -0.781984 
0.521169 0.320888 0.272841 -2.23911 0.0522984 -0.781997 
0.521193 0.320888 0.272798 -2.23918 0.0523503 -0.782009 
0.521217 0.320889 0.272755 -2.23926 0.052403 -0.782022 
0.521242 0.32089 0.272712 -2.23933 0.0524564 -0.782035 
0.521267 0.320891 0.272668 -2.23941 0.0525106 -0.782048 
0.521292 0.320892 0.272623 -2.23948 0.0525656 -0.782062 
0.521318 0.320893 0.272577 -2.23956 0.0526213 -0.782075 
0.521344 0.320894 0.272532 -2.23964 0.0526778 -0.782089 
0.521371 0.320895 0.272485 -2.23972 0.052735 -0.782103 
0.521398 0.320896 0.272438 -2.2398 0.052793 -0.782117 
0.521425 0.320897 0.27239 -2.23988 0.0528518 -0.782132 
0.521453 0.320898 0.272342 -2.23996 0.0529114 -0.782146 
0.52148 0.320899 0.272293 -2.24004 0.0529718 -0.782161 
0.521509 0.3209 0.272243 -2.24013 0.0530329 -0.782176 
0.521538 0.320901 0.272193 -2.24021 0.0530949 -0.782191 
0.521567 0.320902 0.272142 -2.2403 0.0531576 -0.782207 
0.521596 0.320903 0.272091 -2.24039 0.0532211 -0.782222 
0.521626 0.320905 0.272039 -2.24047 0.0532855 -0.782238 
0.521656 0.320906 0.271986 -2.24056 0.0533506 -0.782254 
0.521687 0.320907 0.271933 -2.24066 0.0534165 -0.78227 
0.521718 0.320909 0.271879 -2.24075 0.0534833 -0.782286 
0.521749 0.32091 0.271824 -2.24084 0.0535508 -0.782303 
0.521781 0.320911 0.271769 -2.24093 0.0536192 -0.78232 
0.521813 0.320913 0.271714 -2.24103 0.0536884 -0.782337 
0.521846 0.320914 0.271657 -2.24113 0.0537585 -0.782354 
0.521879 0.320916 0.2716 -2.24122 0.0538293 -0.782372 
0.521912 0.320917 0.271542 -2.24132 0.053901 -0.782389 
0.521946 0.320919 0.271484 -2.24142 0.0539735 -0.782407 
0.52198 0.320921 0.271425 -2.24152 0.0540468 -0.782425 
0.522014 0.320922 0.271366 -2.24162 0.054121 -0.782443 
0.522049 0.320924 0.271306 -2.24173 0.054196 -0.782462 
0.522085 0.320926 0.271245 -2.24183 0.0542719 -0.782481 
0.52212 0.320928 0.271183 -2.24194 0.0543486 -0.7825 
0.522157 0.32093 0.271121 -2.24204 0.0544261 -0.782519 
0.522193 0.320932 0.271059 -2.24215 0.0545046 -0.782538 
0.52223 0.320934 0.270995 -2.24226 0.0545838 -0.782558 
0.522267 0.320936 0.270931 -2.24237 0.0546639 -0.782578 
0.522305 0.320938 0.270867 -2.24248 0.0547449 -0.782598 
0.522343 0.32094 0.270802 -2.24259 0.0548267 -0.782618 
0.522382 0.320942 0.270736 -2.24271 0.0549094 -0.782638 
0.522421 0.320944 0.270669 -2.24282 0.054993 -0.782659 
0.522461 0.320946 0.270602 -2.24294 0.0550774 -0.78268 
0.5225 0.320949 0.270534 -2.24305 0.0551627 -0.782701 
0.522541 0.320951 0.270466 -2.24317 0.0552489 -0.782723 
0.522581 0.320954 0.270397 -2.24329 0.055336 -0.782744 
0.522623 0.320956 0.270327 -2.24341 0.0554239 -0.782766 
0.522664 0.320959 0.270257 -2.24353 0.0555127 -0.782788 
0.522706 0.320961 0.270186 -2.24366 0.0556024 -0.782811 
0.522749 0.320964 0.270114 -2.24378 0.055693 -0.782833 
0.522792 0.320967 0.270042 -2.24391 0.0557845 -0.782856 
0.522835 0.320969 0.269969 -2.24403 0.0558769 -0.782879 
0.522879 0.320972 0.269895 -2.24416 0.0559701 -0.782902 
0.522923 0.320975 0.269821 -2.24429 0.0560643 -0.782926 
0.522967 0.320978 0.269746 -2.24442 0.0561593 -0.78295 
0.523012 0.320981 0.269671 -2.24455 0.0562553 -0.782974 
0.523058 0.320984 0.269595 -2.24468 0.0563521 -0.782998 
0.523104 0.320988 0.269518 -2.24482 0.0564499 -0.783022 
0.52315 0.320991 0.26944 -2.24495 0.0565485 -0.783047 
0.523197 0.320994 0.269362 -2.24509 0.0566481 -0.783072 
0.523244 0.320998 0.269284 -2.24522 0.0567486 -0.783097 
0.523292 0.321001 0.269204 -2.24536 0.05685 -0.783123 
0.52334 0.321005 0.269124 -2.2455 0.0569523 -0.783148 
0.523389 0.321008 0.269044 -2.24564 0.0570555 -0.783174 
0.523438 0.321012 0.268963 -2.24579 0.0571596 -0.7832 
0.523487 0.321016 0.268881 -2.24593 0.0572647 -0.783227 
0.523537 0.32102 0.268798 -2.24607 0.0573707 -0.783254 
0.523588 0.321024 0.268715 -2.24622 0.0574776 -0.783281 
0.523639 0.321028 0.268631 -2.24637 0.0575854 -0.783308 
0.52369 0.321032 0.268547 -2.24651 0.0576942 -0.783335 
0.523742 0.321036 0.268462 -2.24666 0.0578039 -0.783363 
0.523794 0.32104 0.268376 -2.24681 0.0579145 -0.783391 
0.523847 0.321045 0.26829 -2.24697 0.058026 -0.783419 
0.5239 0.321049 0.268203 -2.24712 0.0581385 -0.783448 
0.523954 0.321054 0.268115 -2.24727 0.0582519 -0.783476 
0.524008 0.321058 0.268027 -2.24743 0.0583663 -0.783505 
0.524063 0.321063 0.267938 -2.24758 0.0584816 -0.783534 
0.524118 0.321068 0.267849 -2.24774 0.0585978 -0.783564 
0.524173 0.321073 0.267759 -2.2479 0.058715 -0.783594 
0.524229 0.321078 0.267668 -2.24806 0.0588331 -0.783624 
0.524286 0.321083 0.267577 -2.24822 0.0589522 -0.783654 
0.524343 0.321088 0.267485 -2.24839 0.0590722 -0.783685 
0.5244 0.321094 0.267392 -2.24855 0.0591931 -0.783715 
0.524458 0.321099 0.267299 -2.24872 0.059315 -0.783746 
0.524516 0.321105 0.267205 -2.24888 0.0594379 -0.783778 
0.524575 0.32111 0.267111 -2.24905 0.0595617 -0.783809 
0.524635 0.321116 0.267016 -2.24922 0.0596865 -0.783841 
0.524694 0.321122 0.26692 -2.24939 0.0598122 -0.783873 
0.524755 0.321128 0.266824 -2.24956 0.0599389 -0.783906 
0.524816 0.321134 0.266727 -2.24973 0.0600665 -0.783939 
0.524877 0.32114 0.266629 -2.24991 0.0601951 -0.783972 
0.524939 0.321146 0.266531 -2.25008 0.0603247 -0.784005 
0.525001 0.321153 0.266433 -2.25026 0.0604552 -0.784038 
0.525064 0.321159 0.266333 -2.25044 0.0605867 -0.784072 
0.525127 0.321166 0.266233 -2.25062 0.0607191 -0.784106 
0.525191 0.321173 0.266133 -2.2508 0.0608525 -0.78414 
0.525255 0.32118 0.266032 -2.25098 0.0609869 -0.784175 
0.52532 0.321187 0.26593 -2.25116 0.0611222 -0.78421 
0.525385 0.321194 0.265828 -2.25135 0.0612585 -0.784245 
0.525451 0.321201 0.265725 -2.25153 0.0613958 -0.784281 
0.525517 0.321208 0.265621 -2.25172 0.061534 -0.784316 
0.525584 0.321216 0.265517 -2.2519 0.0616733 -0.784352 
0.525651 0.321224 0.265412 -2.25209 0.0618134 -0.784389 
0.525719 0.321231 0.265307 -2.25228 0.0619546 -0.784425 
0.525787 0.321239 0.265201 -2.25247 0.0620967 -0.784462 
0.525856 0.321247 0.265095 -2.25267 0.0622399 -0.784499 
0.525925 0.321256 0.264987 -2.25286 0.0623839 -0.784537 
0.525995 0.321264 0.26488 -2.25306 0.062529 -0.784574 
0.526065 0.321272 0.264772 -2.25325 0.0626751 -0.784612 
0.526136 0.321281 0.264663 -2.25345 0.0628221 -0.784651 
0.526207 0.32129 0.264553 -2.25365 0.0629701 -0.784689 
0.526279 0.321299 0.264444 -2.25385 0.063119 -0.784728 
0.526351 0.321308 0.264333 -2.25405 0.063269 -0.784767 
0.526424 0.321317 0.264222 -2.25425 0.0634199 -0.784807 
0.526497 0.321326 0.26411 -2.25446 0.0635719 -0.784846 
0.526571 0.321336 0.263998 -2.25466 0.0637248 -0.784886 
0.526645 0.321345 0.263885 -2.25487 0.0638787 -0.784927 
0.52672 0.321355 0.263772 -2.25508 0.0640335 -0.784967 
0.526796 0.321365 0.263658 -2.25529 0.0641894 -0.785008 
0.526871 0.321375 0.263544 -2.2555 0.0643462 -0.785049 
0.526948 0.321386 0.263429 -2.25571 0.064504 -0.785091 
0.527025 0.321396 0.263313 -2.25592 0.0646628 -0.785133 
0.527102 0.321407 0.263197 -2.25613 0.0648226 -0.785175 
0.52718 0.321417 0.263081 -2.25635 0.0649834 -0.785217 
0.527259 0.321428 0.262963 -2.25656 0.0651452 -0.78526 
0.527338 0.321439 0.262846 -2.25678 0.0653079 -0.785303 
0.527417 0.321451 0.262728 -2.257 0.0654717 -0.785346 
0.527498 0.321462 0.262609 -2.25722 0.0656364 -0.785389 
0.527578 0.321474 0.26249 -2.25744 0.0658021 -0.785433 
0.527659 0.321486 0.26237 -2.25766 0.0659688 -0.785478 
0.527741 0.321498 0.262249 -2.25789 0.0661365 -0.785522 
0.527823 0.32151 0.262129 -2.25811 0.0663052 -0.785567 
0.527906 0.321522 0.262007 -2.25834 0.0664749 -0.785612 
0.527989 0.321535 0.261885 -2.25857 0.0666456 -0.785657 
0.528073 0.321547 0.261763 -2.2588 0.0668172 -0.785703 
0.528157 0.32156 0.26164 -2.25903 0.0669899 -0.785749 
0.528242 0.321573 0.261517 -2.25926 0.0671635 -0.785795 
0.528328 0.321587 0.261393 -2.25949 0.0673381 -0.785842 
0.528414 0.3216 0.261268 -2.25972 0.0675137 -0.785889 
0.5285 0.321614 0.261143 -2.25996 0.0676903 -0.785936 
0.528587 0.321627 0.261018 -2.26019 0.0678679 -0.785984 
0.528675 0.321642 0.260892 -2.26043 0.0680465 -0.786032 
0.528763 0.321656 0.260766 -2.26067 0.0682261 -0.78608 
0.528851 0.32167 0.260639 -2.26091 0.0684066 -0.786128 
0.528941 0.321685 0.260511 -2.26115 0.0685882 -0.786177 
0.52903 0.3217 0.260384 -2.26139 0.0687707 -0.786226 
0.529121 0.321715 0.260255 -2.26163 0.0689542 -0.786276 
0.529211 0.32173 0.260127 -2.26188 0.0691388 -0.786325 
0.529303 0.321745 0.259997 -2.26212 0.0693243 -0.786375 
0.529395 0.321761 0.259868 -2.26237 0.0695108 -0.786426 
0.529487 0.321777 0.259737 -2.26262 0.0696982 -0.786477 
0.52958 0.321793 0.259607 -2.26287 0.0698867 -0.786528 
0.529674 0.32181 0.259476 -2.26312 0.0700762 -0.786579 
0.529768 0.321826 0.259344 -2.26337 0.0702666 -0.78663 
0.529862 0.321843 0.259212 -2.26362 0.0704581 -0.786682 
0.529957 0.32186 0.25908 -2.26388 0.0706505 -0.786735 
0.530053 0.321877 0.258947 -2.26413 0.0708439 -0.786787 
0.530149 0.321894 0.258814 -2.26439 0.0710383 -0.78684 
0.530246 0.321912 0.25868 -2.26465 0.0712337 -0.786894 
0.530344 0.32193 0.258546 -2.2649 0.07143 -0.786947 
0.530442 0.321948 0.258411 -2.26516 0.0716274 -0.787001 
0.53054 0.321967 0.258276 -2.26543 0.0718257 -0.787055 
0.530639 0.321985 0.258141 -2.26569 0.072025 -0.78711 
0.530739 0.322004 0.258005 -2.26595 0.0722253 -0.787165 
0.530839 0.322023 0.257869 -2.26622 0.0724266 -0.78722 
0.53094 0.322042 0.257732 -2.26648 0.0726289 -0.787275 
0.531041 0.322062 0.257595 -2.26675 0.0728321 -0.787331 
0.531143 0.322082 0.257457 -2.26702 0.0730363 -0.787387 
0.531245 0.322102 0.25732 -2.26729 0.0732415 -0.787444 
0.531348 0.322122 0.257181 -2.26756 0.0734477 -0.787501 
0.531451 0.322143 0.257043 -2.26783 0.0736549 -0.787558 
0.531555 0.322163 0.256904 -2.2681 0.073863 -0.787615 
0.53166 0.322184 0.256764 -2.26838 0.0740721 -0.787673 
0.531765 0.322206 0.256624 -2.26865 0.0742822 -0.787731 
0.531871 0.322227 0.256484 -2.26893 0.0744933 -0.78779 
0.531977 0.322249 0.256344 -2.2692 0.0747053 -0.787849 
0.532084 0.322271 0.256203 -2.26948 0.0749183 -0.787908 
0.532192 0.322293 0.256062 -2.26976 0.0751323 -0.787967 
0.532299 0.322316 0.25592 -2.27004 0.0753472 -0.788027 
0.532408 0.322339 0.255778 -2.27033 0.0755632 -0.788087 
0.532517 0.322362 0.255636 -2.27061 0.0757801 -0.788148 
0.532627 0.322385 0.255493 -2.27089 0.0759979 -0.788208 
0.532737 0.322409 0.25535 -2.27118 0.0762167 -0.788269 
0.532848 0.322433 0.255207 -2.27146 0.0764365 -0.788331 
0.532959 0.322457 0.255063 -2.27175 0.0766573 -0.788393 
0.533071 0.322482 0.254919 -2.27204 0.076879 -0.788455 
0.533183 0.322507 0.254774 -2.27233 0.0771017 -0.788517 
0.533296 0.322532 0.25463 -2.27262 0.0773253 -0.78858 
0.53341 0.322557 0.254485 -2.27291 0.0775499 -0.788643 
0.533524 0.322583 0.254339 -2.27321 0.0777755 -0.788707 
0.533639 0.322609 0.254194 -2.2735 0.078002 -0.788771 
0.533754 0.322635 0.254048 -2.2738 0.0782294 -0.788835 
0.53387 0.322661 0.253902 -2.27409 0.0784578 -0.788899 
0.533987 0.322688 0.253755 -2.27439 0.0786872 -0.788964 
0.534103 0.322715 0.253608 -2.27469 0.0789175 -0.789029 
0.534221 0.322742 0.253461 -2.27499 0.0791488 -0.789095 
0.534339 0.32277 0.253314 -2.27529 0.079381 -0.789161 
0.534458 0.322798 0.253166 -2.27559 0.0796142 -0.789227 
0.534577 0.322826 0.253018 -2.2759 0.0798483 -0.789293 
0.534697 0.322855 0.25287 -2.2762 0.0800834 -0.78936 
0.534817 0.322884 0.252722 -2.2765 0.0803194 -0.789427 
0.534938 0.322913 0.252573 -2.27681 0.0805563 -0.789495 
0.53506 0.322942 0.252424 -2.27712 0.0807942 -0.789563 
0.535182 0.322972 0.252275 -2.27743 0.081033 -0.789631 
0.535305 0.323002 0.252125 -2.27774 0.0812727 -0.789699 
0.535428 0.323033 0.251975 -2.27805 0.0815134 -0.789768 
0.535552 0.323063 0.251825 -2.27836 0.081755 -0.789838 
0.535676 0.323094 0.251675 -2.27867 0.0819976 -0.789907 
0.535801 0.323126 0.251525 -2.27898 0.0822411 -0.789977 
0.535926 0.323157 0.251374 -2.2793 0.0824855 -0.790047 
0.536052 0.323189 0.251223 -2.27962 0.0827308 -0.790118 
0.536179 0.323221 0.251072 -2.27993 0.082977 -0.790189 
0.536306 0.323254 0.25092 -2.28025 0.0832242 -0.79026 
0.536434 0.323287 0.250769 -2.28057 0.0834723 -0.790332 
0.536562 0.32332 0.250617 -2.28089 0.0837213 -0.790404 
0.536691 0.323354 0.250465 -2.28121 0.0839712 -0.790476 
0.536821 0.323388 0.250313 -2.28153 0.084222 -0.790549 
0.536951 0.323422 0.250161 -2.28185 0.0844737 -0.790622 
0.537081 0.323457 0.250008 -2.28218 0.0847264 -0.790695 
0.537212 0.323491 0.249855 -2.2825 0.0849799 -0.790769 
0.537344 0.323527 0.249702 -2.28283 0.0852344 -0.790843 
0.537476 0.323562 0.249549 -2.28316 0.0854898 -0.790917 
0.537609 0.323598 0.249396 -2.28348 0.085746 -0.790992 
0.537742 0.323634 0.249242 -2.28381 0.0860032 -0.791067 
0.537876 0.323671 0.249089 -2.28414 0.0862612 -0.791143 
0.538011 0.323708 0.248935 -2.28447 0.0865202 -0.791218 
0.538146 0.323745 0.248781 -2.2848 0.08678 -0.791294 
0.538282 0.323783 0.248627 -2.28514 0.0870407 -0.791371 
0.538418 0.323821 0.248473 -2.28547 0.0873023 -0.791448 
0.538555 0.323859 0.248318 -2.28581 0.0875648 -0.791525 
0.538692 0.323898 0.248164 -2.28614 0.0878282 -0.791602 
0.53883 0.323937 0.248009 -2.28648 0.0880925 -0.79168 
0.538968 0.323976 0.247855 -2.28682 0.0883576 -0.791758 
0.539108 0.324016 0.2477 -2.28715 0.0886236 -0.791837 
0.539247 0.324056 0.247545 -2.28749 0.0888905 -0.791916 
0.539387 0.324097 0.24739 -2.28783 0.0891582 -0.791995 
0.539528 0.324137 0.247234 -2.28818 0.0894268 -0.792074 
0.539669 0.324178 0.247079 -2.28852 0.0896963 -0.792154 
0.539811 0.32422 0.246924 -2.28886 0.0899666 -0.792235 
0.539953 0.324262 0.246768 -2.2892 0.0902378 -0.792315 
0.540096 0.324304 0.246612 -2.28955 0.0905099 -0.792396 
0.54024 0.324347 0.246457 -2.2899 0.0907828 -0.792477 
0.540384 0.32439 0.246301 -2.29024 0.0910565 -0.792559 
0.540529 0.324433 0.246145 -2.29059 0.0913311 -0.792641 
0.540674 0.324477 0.245989 -2.29094 0.0916066 -0.792723 
0.540819 0.324521 0.245833 -2.29129 0.0918828 -0.792806 
0.540966 0.324565 0.245677 -2.29164 0.09216 -0.792889 
0.541113 0.32461 0.245521 -2.29199 0.0924379 -0.792972 
0.54126 0.324655 0.245365 -2.29234 0.0927167 -0.793056 
0.541408 0.324701 0.245209 -2.29269 0.0929963 -0.79314 
0.541556 0.324747 0.245052 -2.29305 0.0932768 -0.793224 
0.541705 0.324793 0.244896 -2.2934 0.093558 -0.793309 
0.541855 0.32484 0.24474 -2.29376 0.0938401 -0.793394 
0.542005 0.324887 0.244583 -2.29412 0.094123 -0.793479 
0.542156 0.324934 0.244427 -2.29447 0.0944067 -0.793565 
0.542307 0.324982 0.24427 -2.29483 0.0946913 -0.793651 
0.542459 0.32503 0.244114 -2.29519 0.0949766 -0.793737 
0.542611 0.325079 0.243957 -2.29555 0.0952628 -0.793824 
0.542764 0.325128 0.243801 -2.29591 0.0955497 -0.793911 
0.542917 0.325177 0.243644 -2.29627 0.0958374 -0.793999 
0.543071 0.325227 0.243488 -2.29663 0.096126 -0.794086 
0.543226 0.325277 0.243331 -2.297 0.0964153 -0.794175 
0.543381 0.325327 0.243175 -2.29736 0.0967054 -0.794263 
0.543536 0.325378 0.243018 -2.29772 0.0969963 -0.794352 
0.543692 0.325429 0.242862 -2.29809 0.097288 -0.794441 
0.543849 0.325481 0.242705 -2.29846 0.0975805 -0.79453 
0.544006 0.325533 0.242549 -2.29882 0.0978737 -0.79462 
0.544164 0.325585 0.242392 -2.29919 0.0981677 -0.79471 
0.544322 0.325638 0.242236 -2.29956 0.0984625 -0.794801 
0.544481 0.325692 0.24208 -2.29993 0.0987581 -0.794891 
0.54464 0.325745 0.241923 -2.3003 0.0990544 -0.794983 
0.5448 0.325799 0.241767 -2.30067 0.0993514 -0.795074 
0.54496 0.325854 0.241611 -2.30104 0.0996492 -0.795166 
0.545121 0.325908 0.241455 -2.30141 0.0999478 -0.795258 
0.545283 0.325964 0.241299 -2.30179 0.100247 -0.79535 
0.545445 0.326019 0.241143 -2.30216 0.100547 -0.795443 
0.545607 0.326075 0.240987 -2.30254 0.100848 -0.795536 
0.54577 0.326132 0.240831 -2.30291 0.10115 -0.79563 
0.545934 0.326188 0.240675 -2.30329 0.101452 -0.795723 
0.546098 0.326246 0.240519 -2.30366 0.101755 -0.795818 
0.546262 0.326303 0.240363 -2.30404 0.102058 -0.795912 
0.546427 0.326361 0.240208 -2.30442 0.102363 -0.796007 
0.546593 0.326419 0.240052 -2.3048 0.102668 -0.796102 
0.546759 0.326478 0.239897 -2.30518 0.102974 -0.796197 
0.546926 0.326537 0.239742 -2.30556 0.10328 -0.796293 
0.547093 0.326597 0.239587 -2.30594 0.103588 -0.796389 
0.54726 0.326657 0.239431 -2.30632 0.103896 -0.796486 
0.547429 0.326717 0.239277 -2.3067 0.104204 -0.796582 
0.547597 0.326778 0.239122 -2.30708 0.104514 -0.796679 
0.547766 0.326839 0.238967 -2.30747 0.104824 -0.796777 
0.547936 0.326901 0.238812 -2.30785 0.105135 -0.796874 
0.548106 0.326963 0.238658 -2.30824 0.105446 -0.796972 
0.548277 0.327026 0.238504 -2.30862 0.105758 -0.797071 
0.548448 0.327088 0.238349 -2.30901 0.106071 -0.797169 
0.54862 0.327152 0.238195 -2.3094 0.106384 -0.797268 
0.548792 0.327215 0.238041 -2.30978 0.106698 -0.797368 
0.548965 0.327279 0.237888 -2.31017 0.107013 -0.797467 
0.549138 0.327344 0.237734 -2.31056 0.107328 -0.797567 
0.549311 0.327409 0.237581 -2.31095 0.107645 -0.797667 
0.549485 0.327474 0.237427 -2.31134 0.107961 -0.797768 
0.54966 0.32754 0.237274 -2.31173 0.108279 -0.797869 
0.549835 0.327606 0.237121 -2.31212 0.108597 -0.79797 
0.550011 0.327672 0.236969 -2.31251 0.108915 -0.798072 
0.550187 0.327739 0.236816 -2.3129 0.109234 -0.798173 
0.550363 0.327806 0.236664 -2.3133 0.109554 -0.798276 
0.55054 0.327874 0.236511 -2.31369 0.109875 -0.798378 
0.550718 0.327942 0.236359 -2.31408 0.110196 -0.798481 
0.550896 0.328011 0.236207 -2.31448 0.110518 -0.798584 
0.551074 0.32808 0.236056 -2.31487 0.11084 -0.798687 
0.551253 0.328149 0.235904 -2.31527 0.111163 -0.798791 
0.551433 0.328219 0.235753 -2.31566 0.111486 -0.798895 
0.551613 0.328289 0.235602 -2.31606 0.11181 -0.798999 
0.551793 0.328359 0.235451 -2.31646 0.112135 -0.799104 
0.551974 0.32843 0.235301 -2.31686 0.11246 -0.799209 
0.552155 0.328502 0.23515 -2.31725 0.112786 -0.799314 
0.552337 0.328574 0.235 -2.31765 0.113113 -0.799419 
0.552519 0.328646 0.23485 -2.31805 0.11344 -0.799525 
0.552701 0.328718 0.234701 -2.31845 0.113767 -0.799631 
0.552885 0.328791 0.234551 -2.31885 0.114095 -0.799738 
0.553068 0.328865 0.234402 -2.31925 0.114424 -0.799844 
0.553252 0.328939 0.234253 -2.31965 0.114753 -0.799951 
0.553436 0.329013 0.234104 -2.32005 0.115083 -0.800058 
0.553621 0.329088 0.233956 -2.32046 0.115413 -0.800166 
0.553807 0.329163 0.233807 -2.32086 0.115744 -0.800274 
0.553992 0.329238 0.233659 -2.32126 0.116076 -0.800382 
0.554179 0.329314 0.233512 -2.32166 0.116408 -0.80049 
0.554365 0.32939 0.233364 -2.32207 0.11674 -0.800599 
0.554552 0.329467 0.233217 -2.32247 0.117073 -0.800708 
0.55474 0.329544 0.23307 -2.32288 0.117406 -0.800817 
0.554928 0.329621 0.232923 -2.32328 0.11774 -0.800927 
0.555116 0.329699 0.232777 -2.32369 0.118075 -0.801037 
0.555305 0.329777 0.232631 -2.32409 0.11841 -0.801147 
0.555494 0.329856 0.232485 -2.3245 0.118745 -0.801258 
0.555683 0.329935 0.23234 -2.3249 0.119081 -0.801368 
0.555873 0.330015 0.232194 -2.32531 0.119417 -0.801479 
0.556064 0.330094 0.23205 -2.32572 0.119754 -0.80159 
0.556255 0.330175 0.231905 -2.32613 0.120092 -0.801702 
0.556446 0.330255 0.231761 -2.32653 0.120429 -0.801814 
0.556638 0.330336 0.231617 -2.32694 0.120768 -0.801926 
0.55683 0.330418 0.231473 -2.32735 0.121106 -0.802038 
0.557022 0.3305 0.231329 -2.32776 0.121446 -0.802151 
0.557215 0.330582 0.231186 -2.32817 0.121785 -0.802264 
0.557408 0.330665 0.231043 -2.32858 0.122125 -0.802377 
0.557602 0.330748 0.230901 -2.32899 0.122466 -0.80249 
0.557796 0.330831 0.230759 -2.3294 0.122807 -0.802604 
0.55799 0.330915 0.230617 -2.32981 0.123148 -0.802718 
0.558185 0.330999 0.230476 -2.33022 0.12349 -0.802832 
0.55838 0.331084 0.230334 -2.33063 0.123832 -0.802947 
0.558576 0.331169 0.230194 -2.33104 0.124174 -0.803061 
0.558772 0.331254 0.230053 -2.33145 0.124517 -0.803176 
0.558968 0.33134 0.229913 -2.33187 0.124861 -0.803292 
0.559165 0.331426 0.229773 -2.33228 0.125204 -0.803407 
0.559362 0.331512 0.229634 -2.33269 0.125548 -0.803523 
0.559559 0.331599 0.229495 -2.3331 0.125893 -0.803639 
0.559757 0.331687 0.229356 -2.33352 0.126238 -0.803755 
0.559955 0.331774 0.229217 -2.33393 0.126583 -0.803871 
0.560153 0.331862 0.229079 -2.33434 0.126929 -0.803988 
0.560352 0.331951 0.228942 -2.33476 0.127275 -0.804105 
0.560551 0.33204 0.228804 -2.33517 0.127621 -0.804222 
0.560751 0.332129 0.228667 -2.33559 0.127968 -0.80434 
0.560951 0.332218 0.228531 -2.336 0.128314 -0.804458 
0.561151 0.332308 0.228395 -2.33641 0.128662 -0.804575 
0.561351 0.332399 0.228259 -2.33683 0.129009 -0.804694 
0.561552 0.332489 0.228123 -2.33724 0.129357 -0.804812 
0.561753 0.33258 0.227988 -2.33766 0.129706 -0.804931 
0.561955 0.332672 0.227853 -2.33807 0.130054 -0.80505 
0.562157 0.332764 0.227719 -2.33849 0.130403 -0.805169 
0.562359 0.332856 0.227585 -2.33891 0.130752 -0.805288 
0.562561 0.332948 0.227452 -2.33932 0.131102 -0.805407 
0.562764 0.333041 0.227318 -2.33974 0.131451 -0.805527 
0.562967 0.333134 0.227186 -2.34015 0.131801 -0.805647 
0.563171 0.333228 0.227053 -2.34057 0.132152 -0.805767 
0.563375 0.333322 0.226921 -2.34099 0.132502 -0.805888 
0.563579 0.333416 0.22679 -2.3414 0.132853 -0.806009 
0.563783 0.333511 0.226659 -2.34182 0.133204 -0.806129 
0.563988 0.333606 0.226528 -2.34223 0.133556 -0.80625 
0.564192 0.333701 0.226397 -2.34265 0.133907 -0.806372 
0.564398 0.333797 0.226268 -2.34307 0.134259 -0.806493 
0.564603 0.333893 0.226138 -2.34348 0.134611 -0.806615 
0.564809 0.333989 0.226009 -2.3439 0.134963 -0.806737 
0.565015 0.334086 0.22588 -2.34432 0.135316 -0.806859 
0.565221 0.334183 0.225752 -2.34474 0.135668 -0.806981 
0.565428 0.334281 0.225624 -2.34515 0.136021 -0.807104 
0.565635 0.334379 0.225497 -2.34557 0.136375 -0.807226 
0.565842 0.334477 0.22537 -2.34599 0.136728 -0.807349 
0.566049 0.334575 0.225243 -2.3464 0.137081 -0.807472 
0.566257 0.334674 0.225117 -2.34682 0.137435 -0.807596 
0.566465 0.334773 0.224991 -2.34724 0.137789 -0.807719 
0.566673 0.334873 0.224866 -2.34766 0.138143 -0.807843 
0.566881 0.334972 0.224741 -2.34807 0.138497 -0.807967 
0.56709 0.335072 0.224616 -2.34849 0.138851 -0.808091 
0.567299 0.335173 0.224493 -2.34891 0.139206 -0.808215 
0.567508 0.335274 0.224369 -2.34932 0.139561 -0.808339 
0.567718 0.335375 0.224246 -2.34974 0.139915 -0.808464 
0.567927 0.335476 0.224123 -2.35016 0.14027 -0.808589 
0.568137 0.335578 0.224001 -2.35058 0.140625 -0.808714 
0.568347 0.33568 0.223879 -2.35099 0.140981 -0.808839 
0.568557 0.335782 0.223758 -2.35141 0.141336 -0.808964 
0.568768 0.335885 0.223637 -2.35183 0.141691 -0.809089 
0.568978 0.335988 0.223517 -2.35224 0.142047 -0.809215 
0.569189 0.336091 0.223397 -2.35266 0.142402 -0.809341 
0.5694 0.336195 0.223277 -2.35308 0.142758 -0.809467 
0.569612 0.336299 0.223158 -2.35349 0.143114 -0.809593 
0.569823 0.336403 0.223039 -2.35391 0.14347 -0.809719 
0.570035 0.336507 0.222921 -2.35433 0.143826 -0.809845 
0.570247 0.336612 0.222804 -2.35474 0.144182 -0.809972 
0.570459 0.336717 0.222686 -2.35516 0.144538 -0.810098 
0.570671 0.336823 0.22257 -2.35557 0.144894 -0.810225 
0.570883 0.336928 0.222453 -2.35599 0.14525 -0.810352 
0.571096 0.337034 0.222338 -2.35641 0.145606 -0.810479 
0.571309 0.33714 0.222222 -2.35682 0.145963 -0.810607 
0.571522 0.337247 0.222107 -2.35724 0.146319 -0.810734 
0.571735 0.337354 0.221993 -2.35765 0.146675 -0.810861 
0.571948 0.337461 0.221879 -2.35807 0.147031 -0.810989 
0.572161 0.337568 0.221765 -2.35848 0.147388 -0.811117 
0.572375 0.337676 0.221652 -2.3589 0.147744 -0.811245 
0.572589 0.337784 0.22154 -2.35931 0.1481 -0.811373 
0.572802 0.337892 0.221428 -2.35973 0.148457 -0.811501 
0.573016 0.338 0.221316 -2.36014 0.148813 -0.811629 
0.573231 0.338109 0.221205 -2.36055 0.149169 -0.811758 
0.573445 0.338218 0.221095 -2.36097 0.149525 -0.811886 
0.573659 0.338327 0.220984 -2.36138 0.149881 -0.812015 
0.573874 0.338436 0.220875 -2.3618 0.150238 -0.812144 
0.574088 0.338546 0.220766 -2.36221 0.150594 -0.812272 
0.574303 0.338656 0.220657 -2.36262 0.15095 -0.812401 
0.574518 0.338766 0.220549 -2.36303 0.151306 -0.81253 
0.574733 0.338877 0.220441 -2.36345 0.151662 -0.81266 
0.574948 0.338987 0.220334 -2.36386 0.152017 -0.812789 
0.575163 0.339098 0.220227 -2.36427 0.152373 -0.812918 
0.575378 0.339209 0.220121 -2.36468 0.152729 -0.813048 
0.575593 0.339321 0.220015 -2.36509 0.153084 -0.813177 
0.575809 0.339432 0.21991 -2.3655 0.15344 -0.813307 
0.576024 0.339544 0.219805 -2.36591 0.153795 -0.813437 
0.57624 0.339656 0.219701 -2.36632 0.15415 -0.813566 
0.576455 0.339768 0.219597 -2.36673 0.154506 -0.813696 
0.576671 0.339881 0.219493 -2.36714 0.154861 -0.813826 
0.576887 0.339994 0.219391 -2.36755 0.155215 -0.813956 
0.577102 0.340107 0.219288 -2.36796 0.15557 -0.814086 
0.577318 0.34022 0.219186 -2.36837 0.155925 -0.814217 
0.577534 0.340333 0.219085 -2.36878 0.156279 -0.814347 
0.57775 0.340447 0.218984 -2.36919 0.156633 -0.814477 
0.577966 0.34056 0.218884 -2.36959 0.156987 -0.814608 
0.578182 0.340674 0.218784 -2.37 0.157341 -0.814738 
0.578398 0.340788 0.218684 -2.37041 0.157695 -0.814869 
0.578614 0.340903 0.218586 -2.37082 0.158049 -0.814999 
0.57883 0.341017 0.218487 -2.37122 0.158402 -0.81513 
0.579046 0.341132 0.218389 -2.37163 0.158755 -0.815261 
0.579263 0.341247 0.218292 -2.37203 0.159108 -0.815391 
0.579479 0.341362 0.218195 -2.37244 0.159461 -0.815522 
0.579695 0.341477 0.218099 -2.37284 0.159813 -0.815653 
0.579911 0.341593 0.218003 -2.37325 0.160166 -0.815784 
0.580127 0.341708 0.217907 -2.37365 0.160518 -0.815915 
0.580343 0.341824 0.217812 -2.37405 0.16087 -0.816046 
0.58056 0.34194 0.217718 -2.37446 0.161221 -0.816177 
0.580776 0.342056 0.217624 -2.37486 0.161573 -0.816308 
0.580992 0.342172 0.21753 -2.37526 0.161924 -0.816439 
0.581208 0.342289 0.217438 -2.37566 0.162275 -0.81657 
0.581424 0.342405 0.217345 -2.37606 0.162625 -0.816701 
0.58164 0.342522 0.217253 -2.37646 0.162975 -0.816832 
0.581856 0.342639 0.217162 -2.37686 0.163325 -0.816963 
0.582072 0.342756 0.217071 -2.37726 0.163675 -0.817094 
0.582288 0.342873 0.21698 -2.37766 0.164025 -0.817225 
0.582504 0.34299 0.21689 -2.37806 0.164374 -0.817357 
0.582719 0.343108 0.216801 -2.37846 0.164722 -0.817488 
0.582935 0.343225 0.216712 -2.37885 0.165071 -0.817619 
0.583151 0.343343 0.216623 -2.37925 0.165419 -0.81775 
0.583367 0.343461 0.216535 -2.37965 0.165767 -0.817881 
0.583582 0.343579 0.216448 -2.38004 0.166114 -0.818012 
0.583798 0.343697 0.216361 -2.38044 0.166462 -0.818144 
0.584013 0.343815 0.216274 -2.38083 0.166808 -0.818275 
0.584228 0.343933 0.216188 -2.38123 0.167155 -0.818406 
0.584443 0.344051 0.216103 -2.38162 0.167501 -0.818537 
0.584659 0.34417 0.216018 -2.38201 0.167847 -0.818668 
0.584874 0.344289 0.215933 -2.38241 0.168192 -0.818799 
0.585088 0.344407 0.215849 -2.3828 0.168537 -0.81893 
0.585303 0.344526 0.215766 -2.38319 0.168882 -0.819061 
0.585518 0.344645 0.215683 -2.38358 0.169226 -0.819192 
0.585733 0.344764 0.2156 -2.38397 0.16957 -0.819323 
0.585947 0.344883 0.215518 -2.38436 0.169913 -0.819454 
0.586161 0.345002 0.215437 -2.38475 0.170256 -0.819585 
0.586375 0.345121 0.215356 -2.38514 0.170599 -0.819716 
0.58659 0.34524 0.215275 -2.38552 0.170941 -0.819847 
0.586803 0.34536 0.215195 -2.38591 0.171283 -0.819977 
0.587017 0.345479 0.215115 -2.3863 0.171624 -0.820108 
0.587231 0.345599 0.215036 -2.38668 0.171965 -0.820239 
0.587444 0.345718 0.214958 -2.38707 0.172305 -0.820369 
0.587658 0.345838 0.214879 -2.38745 0.172645 -0.8205 
0.587871 0.345957 0.214802 -2.38784 0.172985 -0.82063 
0.588084 0.346077 0.214725 -2.38822 0.173324 -0.820761 
0.588297 0.346197 0.214648 -2.3886 0.173662 -0.820891 
0.588509 0.346317 0.214572 -2.38898 0.174 -0.821022 
0.588722 0.346436 0.214496 -2.38936 0.174338 -0.821152 
0.588934 0.346556 0.214421 -2.38974 0.174675 -0.821282 
0.589146 0.346676 0.214346 -2.39012 0.175012 -0.821412 
0.589358 0.346796 0.214272 -2.3905 0.175348 -0.821542 
0.58957 0.346916 0.214198 -2.39088 0.175683 -0.821672 
0.589781 0.347036 0.214124 -2.39126 0.176018 -0.821802 
0.589992 0.347156 0.214052 -2.39163 0.176353 -0.821931 
0.590204 0.347276 0.213979 -2.39201 0.176687 -0.822061 
0.590414 0.347396 0.213907 -2.39238 0.17702 -0.822191 
0.590625 0.347516 0.213836 -2.39276 0.177353 -0.82232 
0.590835 0.347636 0.213765 -2.39313 0.177686 -0.822449 
0.591046 0.347756 0.213694 -2.39351 0.178018 -0.822579 
0.591256 0.347876 0.213624 -2.39388 0.178349 -0.822708 
0.591465 0.347996 0.213555 -2.39425 0.17868 -0.822837 
0.591675 0.348116 0.213486 -2.39462 0.17901 -0.822966 
0.591884 0.348236 0.213417 -2.39499 0.179339 -0.823095 
0.592093 0.348356 0.213349 -2.39536 0.179668 -0.823223 
0.592302 0.348476 0.213281 -2.39573 0.179997 -0.823352 
0.59251 0.348596 0.213214 -2.39609 0.180325 -0.82348 
0.592718 0.348716 0.213147 -2.39646 0.180652 -0.823609 
0.592926 0.348836 0.213081 -2.39683 0.180978 -0.823737 
0.593134 0.348956 0.213015 -2.39719 0.181304 -0.823865 
0.593341 0.349076 0.21295 -2.39756 0.18163 -0.823993 
0.593548 0.349196 0.212885 -2.39792 0.181955 -0.824121 
0.593755 0.349315 0.21282 -2.39828 0.182279 -0.824248 
0.593962 0.349435 0.212756 -2.39864 0.182602 -0.824376 
0.594168 0.349555 0.212693 -2.39901 0.182925 -0.824503 
0.594374 0.349674 0.21263 -2.39937 0.183247 -0.82463 
0.594579 0.349794 0.212567 -2.39972 0.183569 -0.824757 
0.594785 0.349913 0.212505 -2.40008 0.18389 -0.824884 
0.59499 0.350033 0.212443 -2.40044 0.18421 -0.825011 
0.595194 0.350152 0.212382 -2.4008 0.184529 -0.825138 
0.595399 0.350271 0.212321 -2.40115 0.184848 -0.825264 
0.595603 0.350391 0.212261 -2.40151 0.185166 -0.82539 
0.595806 0.35051 0.212201 -2.40186 0.185484 -0.825516 
0.59601 0.350629 0.212141 -2.40221 0.185801 -0.825642 
0.596213 0.350748 0.212082 -2.40257 0.186117 -0.825768 
0.596415 0.350867 0.212024 -2.40292 0.186432 -0.825894 
0.596618 0.350985 0.211965 -2.40327 0.186747 -0.826019 
0.596819 0.351104 0.211908 -2.40362 0.187061 -0.826144 
0.597021 0.351223 0.21185 -2.40397 0.187374 -0.826269 
0.597222 0.351341 0.211793 -2.40431 0.187687 -0.826394 
0.597423 0.351459 0.211737 -2.40466 0.187999 -0.826519 
0.597624 0.351578 0.211681 -2.40501 0.18831 -0.826643 
0.597824 0.351696 0.211625 -2.40535 0.18862 -0.826767 
0.598024 0.351814 0.21157 -2.4057 0.188929 -0.826891 
0.598223 0.351932 0.211515 -2.40604 0.189238 -0.827015 
0.598422 0.35205 0.211461 -2.40638 0.189546 -0.827139 
0.59862 0.352167 0.211407 -2.40672 0.189854 -0.827262 
0.598819 0.352285 0.211354 -2.40706 0.19016 -0.827386 
0.599016 0.352402 0.211301 -2.4074 0.190466 -0.827509 
0.599214 0.352519 0.211248 -2.40774 0.190771 -0.827631 
0.599411 0.352637 0.211196 -2.40808 0.191075 -0.827754 
0.599607 0.352753 0.211144 -2.40841 0.191379 -0.827876 
0.599803 0.35287 0.211093 -2.40875 0.191681 -0.827998 
0.599999 0.352987 0.211042 -2.40908 0.191983 -0.82812 
0.600194 0.353103 0.210991 -2.40941 0.192284 -0.828242 
0.600389 0.35322 0.210941 -2.40975 0.192584 -0.828363 
0.600584 0.353336 0.210891 -2.41008 0.192883 -0.828484 
0.600778 0.353452 0.210842 -2.41041 0.193182 -0.828605 
0.600971 0.353568 0.210793 -2.41074 0.19348 -0.828726 
0.601164 0.353684 0.210744 -2.41106 0.193777 -0.828847 
0.601357 0.353799 0.210696 -2.41139 0.194073 -0.828967 
0.601549 0.353914 0.210649 -2.41172 0.194368 -0.829087 
0.601741 0.354029 0.210601 -2.41204 0.194662 -0.829206 
0.601932 0.354144 0.210554 -2.41237 0.194956 -0.829326 
0.602123 0.354259 0.210508 -2.41269 0.195248 -0.829445 
0.602313 0.354374 0.210461 -2.41301 0.19554 -0.829564 
0.602503 0.354488 0.210416 -2.41333 0.195831 -0.829683 
0.602692 0.354602 0.21037 -2.41365 0.196121 -0.829801 
0.602881 0.354716 0.210325 -2.41397 0.19641 -0.829919 
0.60307 0.35483 0.210281 -2.41429 0.196699 -0.830037 
0.603258 0.354944 0.210236 -2.41461 0.196986 -0.830155 
0.603445 0.355057 0.210192 -2.41492 0.197273 -0.830272 
0.603632 0.35517 0.210149 -2.41524 0.197558 -0.830389 
0.603819 0.355283 0.210106 -2.41555 0.197843 -0.830506 
0.604004 0.355396 0.210063 -2.41586 0.198127 -0.830622 
0.60419 0.355508 0.210021 -2.41617 0.19841 -0.830738 
0.604375 0.35562 0.209979 -2.41648 0.198692 -0.830854 
0.604559 0.355732 0.209937 -2.41679 0.198973 -0.83097 
0.604743 0.355844 0.209896 -2.4171 0.199253 -0.831085 
0.604926 0.355956 0.209855 -2.41741 0.199532 -0.8312 
0.605109 0.356067 0.209814 -2.41771 0.199811 -0.831315 
0.605291 0.356178 0.209774 -2.41802 0.200088 -0.831429 
0.605473 0.356289 0.209734 -2.41832 0.200365 -0.831543 
0.605654 0.356399 0.209695 -2.41862 0.20064 -0.831657 
0.605835 0.35651 0.209656 -2.41892 0.200915 -0.831771 
0.606015 0.35662 0.209617 -2.41922 0.201188 -0.831884 
0.606195 0.356729 0.209579 -2.41952 0.201461 -0.831997 
0.606374 0.356839 0.209541 -2.41982 0.201733 -0.832109 
0.606552 0.356948 0.209503 -2.42012 0.202003 -0.832221 
0.60673 0.357057 0.209465 -2.42041 0.202273 -0.832333 
0.606907 0.357166 0.209428 -2.42071 0.202542 -0.832445 
0.607084 0.357274 0.209392 -2.421 0.20281 -0.832556 
0.60726 0.357382 0.209355 -2.42129 0.203077 -0.832667 
0.607436 0.35749 0.209319 -2.42158 0.203343 -0.832777 
0.607611 0.357598 0.209284 -2.42187 0.203607 -0.832888 
0.607785 0.357705 0.209248 -2.42216 0.203871 -0.832997 
0.607959 0.357812 0.209213 -2.42245 0.204134 -0.833107 
0.608133 0.357919 0.209179 -2.42274 0.204396 -0.833216 
0.608305 0.358025 0.209144 -2.42302 0.204657 -0.833325 
0.608477 0.358131 0.20911 -2.4233 0.204917 -0.833434 
0.608649 0.358237 0.209077 -2.42359 0.205176 -0.833542 
0.60882 0.358342 0.209043 -2.42387 0.205433 -0.83365 
0.60899 0.358448 0.20901 -2.42415 0.20569 -0.833757 
0.60916 0.358553 0.208978 -2.42443 0.205946 -0.833864 
0.609329 0.358657 0.208945 -2.42471 0.206201 -0.833971 
0.609497 0.358761 0.208913 -2.42498 0.206455 -0.834077 
0.609665 0.358865 0.208881 -2.42526 0.206707 -0.834183 
0.609832 0.358969 0.20885 -2.42553 0.206959 -0.834289 
0.609999 0.359072 0.208819 -2.42581 0.20721 -0.834394 
0.610165 0.359175 0.208788 -2.42608 0.207459 -0.834499 
0.61033 0.359278 0.208757 -2.42635 0.207708 -0.834604 
0.610495 0.35938 0.208727 -2.42662 0.207955 -0.834708 
0.610659 0.359482 0.208697 -2.42689 0.208202 -0.834811 
0.610822 0.359583 0.208667 -2.42715 0.208447 -0.834915 
0.610985 0.359685 0.208638 -2.42742 0.208691 -0.835018 
0.611147 0.359786 0.208609 -2.42769 0.208935 -0.83512 
0.611309 0.359886 0.20858 -2.42795 0.209177 -0.835223 
0.611469 0.359986 0.208552 -2.42821 0.209418 -0.835325 
0.61163 0.360086 0.208523 -2.42847 0.209658 -0.835426 
0.611789 0.360186 0.208495 -2.42873 0.209897 -0.835527 
0.611948 0.360285 0.208468 -2.42899 0.210135 -0.835628 
0.612106 0.360384 0.20844 -2.42925 0.210372 -0.835728 
0.612264 0.360482 0.208413 -2.4295 0.210607 -0.835828 
0.61242 0.36058 0.208387 -2.42976 0.210842 -0.835927 
0.612577 0.360678 0.20836 -2.43001 0.211076 -0.836026 
0.612732 0.360775 0.208334 -2.43026 0.211308 -0.836125 
0.612887 0.360872 0.208308 -2.43052 0.211539 -0.836223 
0.613041 0.360969 0.208282 -2.43077 0.21177 -0.836321 
0.613195 0.361065 0.208257 -2.43101 0.211999 -0.836419 
0.613347 0.361161 0.208232 -2.43126 0.212227 -0.836516 
0.613499 0.361256 0.208207 -2.43151 0.212454 -0.836612 
0.613651 0.361351 0.208182 -2.43175 0.21268 -0.836709 
0.613802 0.361446 0.208158 -2.432 0.212904 -0.836804 
0.613952 0.36154 0.208134 -2.43224 0.213128 -0.8369 
0.614101 0.361634 0.20811 -2.43248 0.21335 -0.836995 
0.61425 0.361728 0.208086 -2.43272 0.213572 -0.837089 
0.614397 0.361821 0.208063 -2.43296 0.213792 -0.837183 
0.614545 0.361913 0.20804 -2.4332 0.214011 -0.837277 
0.614691 0.362006 0.208017 -2.43343 0.214229 -0.83737 
0.614837 0.362097 0.207994 -2.43367 0.214446 -0.837463 
0.614982 0.362189 0.207972 -2.4339 0.214662 -0.837555 
0.615126 0.36228 0.20795 -2.43413 0.214877 -0.837647 
0.61527 0.362371 0.207928 -2.43436 0.21509 -0.837739 
0.615413 0.362461 0.207906 -2.43459 0.215302 -0.83783 
0.615555 0.362551 0.207885 -2.43482 0.215514 -0.837921 
0.615697 0.36264 0.207864 -2.43505 0.215724 -0.838011 
0.615838 0.362729 0.207843 -2.43527 0.215933 -0.8381 
0.615978 0.362818 0.207822 -2.4355 0.21614 -0.83819 
0.616117 0.362906 0.207802 -2.43572 0.216347 -0.838279 
0.616255 0.362994 0.207782 -2.43594 0.216552 -0.838367 
0.616393 0.363081 0.207762 -2.43616 0.216757 -0.838455 
0.61653 0.363168 0.207742 -2.43638 0.21696 -0.838543 
0.616667 0.363254 0.207722 -2.4366 0.217162 -0.83863 
0.616802 0.36334 0.207703 -2.43682 0.217363 -0.838716 
0.616937 0.363426 0.207684 -2.43703 0.217563 -0.838802 
0.617072 0.363511 0.207665 -2.43725 0.217761 -0.838888 
0.617205 0.363596 0.207646 -2.43746 0.217958 -0.838973 
0.617338 0.36368 0.207628 -2.43767 0.218155 -0.839058 
0.61747 0.363764 0.20761 -2.43788 0.21835 -0.839142 
0.617601 0.363847 0.207592 -2.43809 0.218544 -0.839226 
0.617731 0.36393 0.207574 -2.4383 0.218736 -0.83931 
0.617861 0.364013 0.207556 -2.43851 0.218928 -0.839393 
0.61799 0.364095 0.207539 -2.43871 0.219118 -0.839475 
0.618118 0.364177 0.207522 -2.43891 0.219308 -0.839557 
0.618246 0.364258 0.207505 -2.43912 0.219496 -0.839639 
0.618372 0.364339 0.207488 -2.43932 0.219683 -0.83972 
0.618498 0.364419 0.207471 -2.43952 0.219868 -0.8398 
0.618623 0.364499 0.207455 -2.43972 0.220053 -0.83988 
0.618748 0.364578 0.207439 -2.43991 0.220236 -0.83996 
0.618871 0.364657 0.207423 -2.44011 0.220418 -0.840039 
0.618994 0.364735 0.207407 -2.44031 0.220599 -0.840118 
0.619116 0.364813 0.207391 -2.4405 0.220779 -0.840196 
0.619238 0.364891 0.207376 -2.44069 0.220958 -0.840274 
0.619358 0.364968 0.207361 -2.44088 0.221135 -0.840351 
0.619478 0.365045 0.207345 -2.44107 0.221312 -0.840428 
0.619597 0.365121 0.207331 -2.44126 0.221487 -0.840504 
0.619715 0.365196 0.207316 -2.44145 0.221661 -0.84058 
0.619833 0.365272 0.207301 -2.44163 0.221834 -0.840656 
0.619949 0.365346 0.207287 -2.44182 0.222005 -0.84073 
0.620065 0.365421 0.207273 -2.442 0.222176 -0.840805 
0.620181 0.365494 0.207259 -2.44218 0.222345 -0.840879 
0.620295 0.365568 0.207245 -2.44236 0.222513 -0.840952 
0.620409 0.365641 0.207231 -2.44254 0.22268 -0.841025 
0.620521 0.365713 0.207218 -2.44272 0.222845 -0.841098 
0.620633 0.365785 0.207205 -2.4429 0.22301 -0.84117 
0.620745 0.365856 0.207191 -2.44307 0.223173 -0.841241 
0.620855 0.365927 0.207178 -2.44324 0.223335 -0.841312 
0.620965 0.365998 0.207166 -2.44342 0.223496 -0.841383 
0.621074 0.366068 0.207153 -2.44359 0.223656 -0.841453 
0.621182 0.366137 0.20714 -2.44376 0.223815 -0.841522 
0.621289 0.366206 0.207128 -2.44393 0.223972 -0.841591 
0.621396 0.366275 0.207116 -2.4441 0.224128 -0.84166 
0.621502 0.366343 0.207104 -2.44426 0.224283 -0.841728 
0.621607 0.366411 0.207092 -2.44443 0.224437 -0.841795 
0.621711 0.366478 0.20708 -2.44459 0.22459 -0.841862 
0.621815 0.366544 0.207069 -2.44475 0.224741 -0.841929 
0.621917 0.36661 0.207057 -2.44491 0.224891 -0.841995 
0.622019 0.366676 0.207046 -2.44507 0.225041 -0.842061 
0.62212 0.366741 0.207035 -2.44523 0.225188 -0.842126 
0.622221 0.366806 0.207024 -2.44539 0.225335 -0.84219 
0.62232 0.36687 0.207013 -2.44554 0.225481 -0.842254 
0.622419 0.366934 0.207003 -2.4457 0.225625 -0.842318 
0.622517 0.366997 0.206992 -2.44585 0.225768 -0.842381 
0.622614 0.36706 0.206982 -2.446 0.22591 -0.842444 
0.622711 0.367122 0.206971 -2.44616 0.226051 -0.842506 
0.622806 0.367184 0.206961 -2.4463 0.226191 -0.842567 
0.622901 0.367245 0.206951 -2.44645 0.226329 -0.842629 
0.622995 0.367306 0.206941 -2.4466 0.226467 -0.842689 
0.623088 0.367366 0.206932 -2.44675 0.226603 -0.842749 
0.623181 0.367426 0.206922 -2.44689 0.226738 -0.842809 
0.623273 0.367485 0.206913 -2.44703 0.226872 -0.842868 
0.623364 0.367544 0.206903 -2.44717 0.227004 -0.842927 
0.623454 0.367602 0.206894 -2.44732 0.227136 -0.842985 
0.623543 0.36766 0.206885 -2.44745 0.227266 -0.843043 
0.623632 0.367717 0.206876 -2.44759 0.227395 -0.8431 
0.623719 0.367774 0.206867 -2.44773 0.227523 -0.843156 
0.623807 0.367831 0.206858 -2.44787 0.22765 -0.843213 
0.623893 0.367886 0.20685 -2.448 0.227776 -0.843268 
0.623978 0.367942 0.206841 -2.44813 0.2279 -0.843323 
0.624063 0.367997 0.206833 -2.44826 0.228024 -0.843378 
0.624147 0.368051 0.206825 -2.44839 0.228146 -0.843432 
0.62423 0.368105 0.206817 -2.44852 0.228267 -0.843486 
0.624312 0.368158 0.206809 -2.44865 0.228387 -0.843539 
0.624394 0.368211 0.206801 -2.44878 0.228506 -0.843592 
0.624475 0.368264 0.206793 -2.4489 0.228623 -0.843644 
0.624555 0.368316 0.206785 -2.44903 0.22874 -0.843696 
0.624634 0.368367 0.206778 -2.44915 0.228855 -0.843747 
0.624712 0.368418 0.20677 -2.44927 0.228969 -0.843798 
0.62479 0.368469 0.206763 -2.44939 0.229082 -0.843848 
0.624867 0.368519 0.206756 -2.44951 0.229194 -0.843898 
0.624943 0.368568 0.206749 -2.44963 0.229305 -0.843947 
0.625019 0.368617 0.206742 -2.44975 0.229414 -0.843996 
0.625093 0.368666 0.206735 -2.44986 0.229523 -0.844044 
0.625167 0.368714 0.206728 -2.44998 0.22963 -0.844092 
0.62524 0.368761 0.206721 -2.45009 0.229736 -0.844139 
0.625313 0.368808 0.206715 -2.4502 0.229841 -0.844186 
0.625384 0.368855 0.206708 -2.45032 0.229945 -0.844232 
0.625455 0.368901 0.206702 -2.45042 0.230048 -0.844278 
0.625525 0.368946 0.206695 -2.45053 0.23015 -0.844323 
0.625595 0.368991 0.206689 -2.45064 0.230251 -0.844368 
0.625663 0.369036 0.206683 -2.45075 0.23035 -0.844413 
0.625731 0.36908 0.206677 -2.45085 0.230449 -0.844457 
0.625798 0.369124 0.206671 -2.45096 0.230546 -0.8445 
0.625864 0.369167 0.206665 -2.45106 0.230642 -0.844543 
0.62593 0.36921 0.20666 -2.45116 0.230737 -0.844585 
0.625995 0.369252 0.206654 -2.45126 0.230831 -0.844627 
0.626059 0.369294 0.206648 -2.45136 0.230924 -0.844669 
0.626122 0.369335 0.206643 -2.45146 0.231016 -0.84471 
0.626185 0.369376 0.206637 -2.45155 0.231107 -0.84475 
0.626247 0.369416 0.206632 -2.45165 0.231196 -0.844791 
0.626308 0.369456 0.206627 -2.45174 0.231285 -0.84483 
0.626368 0.369495 0.206622 -2.45184 0.231372 -0.844869 
0.626428 0.369534 0.206617 -2.45193 0.231459 -0.844908 
0.626487 0.369573 0.206612 -2.45202 0.231544 -0.844946 
0.626545 0.369611 0.206607 -2.45211 0.231628 -0.844984 
0.626602 0.369648 0.206602 -2.4522 0.231712 -0.845021 
0.626659 0.369685 0.206597 -2.45228 0.231794 -0.845058 
0.626715 0.369722 0.206592 -2.45237 0.231875 -0.845094 
0.62677 0.369758 0.206588 -2.45246 0.231955 -0.84513 
0.626825 0.369794 0.206583 -2.45254 0.232034 -0.845165 
0.626879 0.369829 0.206579 -2.45262 0.232112 -0.8452 
0.626932 0.369864 0.206575 -2.45271 0.232189 -0.845235 
0.626984 0.369898 0.20657 -2.45279 0.232265 -0.845269 
0.627036 0.369932 0.206566 -2.45287 0.23234 -0.845302 
0.627087 0.369965 0.206562 -2.45294 0.232414 -0.845336 
0.627138 0.369998 0.206558 -2.45302 0.232486 -0.845368 
0.627187 0.37003 0.206554 -2.4531 0.232558 -0.8454 
0.627236 0.370062 0.20655 -2.45317 0.232629 -0.845432 
0.627284 0.370094 0.206546 -2.45325 0.232699 -0.845464 
0.627332 0.370125 0.206542 -2.45332 0.232767 -0.845494 
0.627379 0.370156 0.206539 -2.45339 0.232835 -0.845525 
0.627425 0.370186 0.206535 -2.45346 0.232902 -0.845555 
0.627471 0.370216 0.206531 -2.45353 0.232968 -0.845584 
0.627515 0.370245 0.206528 -2.4536 0.233033 -0.845613 
0.62756 0.370274 0.206524 -2.45367 0.233096 -0.845642 
0.627603 0.370302 0.206521 -2.45374 0.233159 -0.84567 
0.627646 0.37033 0.206518 -2.4538 0.233221 -0.845698 
0.627688 0.370358 0.206514 -2.45387 0.233282 -0.845726 
0.62773 0.370385 0.206511 -2.45393 0.233342 -0.845753 
0.62777 0.370412 0.206508 -2.45399 0.233401 -0.845779 
0.627811 0.370438 0.206505 -2.45406 0.233459 -0.845805 
0.62785 0.370464 0.206502 -2.45412 0.233516 -0.845831 
0.627889 0.37049 0.206499 -2.45418 0.233572 -0.845856 
0.627927 0.370515 0.206496 -2.45424 0.233628 -0.845881 
0.627965 0.370539 0.206493 -2.45429 0.233682 -0.845905 
0.628002 0.370563 0.20649 -2.45435 0.233735 -0.845929 
0.628038 0.370587 0.206487 -2.45441 0.233788 -0.845953 
0.628074 0.370611 0.206485 -2.45446 0.233839 -0.845976 
0.628109 0.370634 0.206482 -2.45451 0.23389 -0.845999 
0.628144 0.370656 0.206479 -2.45457 0.23394 -0.846021 
0.628177 0.370678 0.206477 -2.45462 0.233988 -0.846043 
0.628211 0.3707 0.206474 -2.45467 0.234036 -0.846065 
0.628243 0.370722 0.206472 -2.45472 0.234083 -0.846086 
0.628275 0.370743 0.20647 -2.45477 0.23413 -0.846107 
0.628307 0.370763 0.206467 -2.45482 0.234175 -0.846127 
0.628337 0.370783 0.206465 -2.45486 0.234219 -0.846147 
0.628368 0.370803 0.206463 -2.45491 0.234263 -0.846167 
0.628397 0.370823 0.206461 -2.45496 0.234306 -0.846186 
0.628426 0.370842 0.206458 -2.455 0.234348 -0.846205 
0.628455 0.37086 0.206456 -2.45504 0.234389 -0.846224 
0.628483 0.370879 0.206454 -2.45509 0.234429 -0.846242 
0.62851 0.370897 0.206452 -2.45513 0.234468 -0.84626 
0.628537 0.370914 0.20645 -2.45517 0.234507 -0.846277 
0.628563 0.370931 0.206448 -2.45521 0.234545 -0.846294 
0.628589 0.370948 0.206447 -2.45525 0.234582 -0.846311 
0.628614 0.370965 0.206445 -2.45529 0.234618 -0.846327 
0.628638 0.370981 0.206443 -2.45533 0.234653 -0.846343 
0.628662 0.370996 0.206441 -2.45536 0.234688 -0.846358 
0.628686 0.371012 0.20644 -2.4554 0.234721 -0.846374 
0.628709 0.371027 0.206438 -2.45543 0.234754 -0.846389 
0.628731 0.371041 0.206436 -2.45547 0.234787 -0.846403 
0.628753 0.371056 0.206435 -2.4555 0.234818 -0.846417 
0.628774 0.37107 0.206433 -2.45553 0.234849 -0.846431 
0.628795 0.371083 0.206432 -2.45557 0.234879 -0.846445 
0.628815 0.371097 0.20643 -2.4556 0.234908 -0.846458 
0.628835 0.37111 0.206429 -2.45563 0.234937 -0.846471 
0.628854 0.371123 0.206428 -2.45566 0.234965 -0.846483 
0.628873 0.371135 0.206426 -2.45569 0.234992 -0.846496 
0.628892 0.371147 0.206425 -2.45571 0.235018 -0.846508 
0.628909 0.371159 0.206424 -2.45574 0.235044 -0.846519 
0.628927 0.37117 0.206422 -2.45577 0.235069 -0.84653 
0.628944 0.371181 0.206421 -2.45579 0.235093 -0.846541 
0.62896 0.371192 0.20642 -2.45582 0.235117 -0.846552 
0.628976 0.371202 0.206419 -2.45584 0.23514 -0.846562 
0.628991 0.371213 0.206418 -2.45587 0.235162 -0.846573 
0.629006 0.371222 0.206417 -2.45589 0.235184 -0.846582 
0.629021 0.371232 0.206416 -2.45591 0.235205 -0.846592 
0.629035 0.371241 0.206415 -2.45593 0.235225 -0.846601 
0.629049 0.37125 0.206414 -2.45595 0.235245 -0.84661 
0.629062 0.371259 0.206413 -2.45597 0.235264 -0.846619 
0.629075 0.371268 0.206412 -2.45599 0.235282 -0.846627 
0.629088 0.371276 0.206411 -2.45601 0.2353 -0.846635 
0.6291 0.371284 0.20641 -2.45603 0.235318 -0.846643 
0.629111 0.371291 0.20641 -2.45605 0.235334 -0.84665 
0.629122 0.371299 0.206409 -2.45607 0.235351 -0.846658 
0.629133 0.371306 0.206408 -2.45608 0.235366 -0.846665 
0.629144 0.371313 0.206407 -2.4561 0.235381 -0.846672 
0.629154 0.371319 0.206407 -2.45611 0.235396 -0.846678 
0.629164 0.371326 0.206406 -2.45613 0.23541 -0.846684 
0.629173 0.371332 0.206405 -2.45614 0.235423 -0.846691 
0.629182 0.371338 0.206405 -2.45616 0.235436 -0.846696 
0.629191 0.371343 0.206404 -2.45617 0.235448 -0.846702 
0.629199 0.371349 0.206404 -2.45618 0.23546 -0.846707 
0.629207 0.371354 0.206403 -2.4562 0.235472 -0.846713 
0.629214 0.371359 0.206402 -2.45621 0.235483 -0.846717 
0.629222 0.371364 0.206402 -2.45622 0.235493 -0.846722 
0.629228 0.371368 0.206402 -2.45623 0.235503 -0.846727 
0.629235 0.371373 0.206401 -2.45624 0.235513 -0.846731 
0.629241 0.371377 0.206401 -2.45625 0.235522 -0.846735 
0.629247 0.371381 0.2064 -2.45626 0.23553 -0.846739 
0.629253 0.371385 0.2064 -2.45627 0.235539 -0.846743 
0.629259 0.371388 0.206399 -2.45628 0.235546 -0.846746 
0.629264 0.371391 0.206399 -2.45628 0.235554 -0.84675 
0.629269 0.371395 0.206399 -2.45629 0.235561 -0.846753 
0.629273 0.371398 0.206399 -2.4563 0.235567 -0.846756 
0.629277 0.371401 0.206398 -2.4563 0.235574 -0.846759 
0.629282 0.371403 0.206398 -2.45631 0.235579 -0.846761 
0.629285 0.371406 0.206398 -2.45632 0.235585 -0.846764 
0.629289 0.371408 0.206397 -2.45632 0.23559 -0.846766 
0.629292 0.37141 0.206397 -2.45633 0.235595 -0.846768 
0.629295 0.371412 0.206397 -2.45633 0.235599 -0.84677 
0.629298 0.371414 0.206397 -2.45634 0.235604 -0.846772 
0.629301 0.371416 0.206397 -2.45634 0.235608 -0.846774 
0.629304 0.371418 0.206396 -2.45634 0.235611 -0.846775 
0.629306 0.371419 0.206396 -2.45635 0.235614 -0.846777 
0.629308 0.371421 0.206396 -2.45635 0.235617 -0.846778 
0.62931 0.371422 0.206396 -2.45635 0.23562 -0.84678 
0.629312 0.371423 0.206396 -2.45636 0.235623 -0.846781 
0.629313 0.371424 0.206396 -2.45636 0.235625 -0.846782 
0.629315 0.371425 0.206396 -2.45636 0.235627 -0.846783 
0.629316 0.371426 0.206396 -2.45636 0.235629 -0.846784 
0.629317 0.371427 0.206396 -2.45636 0.235631 -0.846784 
0.629318 0.371427 0.206396 -2.45637 0.235632 -0.846785 
0.629319 0.371428 0.206395 -2.45637 0.235633 -0.846786 
0.62932 0.371428 0.206395 -2.45637 0.235634 -0.846786 
0.629321 0.371429 0.206395 -2.45637 0.235635 -0.846786 
0.629321 0.371429 0.206395 -2.45637 0.235636 -0.846787 
0.629322 0.37143 0.206395 -2.45637 0.235637 -0.846787 
0.629322 0.37143 0.206395 -2.45637 0.235637 -0.846787 
0.629322 0.37143 0.206395 -2.45637 0.235638 -0.846788 
0.629322 0.37143 0.206395 -2.45637 0.235638 -0.846788 
0.629323 0.37143 0.206395 -2.45637 0.235639 -0.846788 
0.629323 0.37143 0.206395 -2.45637 0.235639 -0.846788 
0.629323 0.37143 0.206395 -2.45637 0.235639 -0.846788 
0.629323 0.37143 0.206395 -2.45637 0.235639 -0.846788 
0.629323 0.37143 0.206395 -2.45637 0.235639 -0.846788 
0.629323 0.37143 0.206395 -2.45637 0.235639 -0.846788 
0.629323 0.37143 0.206395 -2.45637 0.235639 -0.846788 
0.629323 0.37143 0.206395 -2.45637 0.235639 -0.846788 
0.629323 0.37143 0.206395 -2.45637 0.235639 -0.846788 
0.629323 0.37143 0.206395 -2.45637 0.235639 -0.846788 
0.629323 0.37143 0.206395 -2.45637 0.235639 -0.846788 
0.629323 0.37143 0.206395 -2.45637 0.235639 -0.846788 
0.629323 0.37143 0.206395 -2.45637 0.235639 -0.846788 
0.629323 0.37143 0.206395 -2.45637 0.235639 -0.846788 
0.629323 0.37143 0.206395 -2.45637 0.235639 -0.846788 
0.629323 0.37143 0.206395 -2.45637 0.235639 -0.846788 
0.629323 0.37143 0.206395 -2.45637 0.235639 -0.846788 
0.629323 0.37143 0.206395 -2.45637 0.235639 -0.846788 
0.629323 0.37143 0.206395 -2.45637 0.235639 -0.846788 
0.629323 0.37143 0.206395 -2.45637 0.235639 -0.846788 
0.629323 0.37143 0.206395 -2.45637 0.235639 -0.846788 
0.629323 0.37143 0.206395 -2.45637 0.235639 -0.846788 
0.629323 0.37143 0.206395 -2.45637 0.235639 -0.846788 
0.629323 0.37143 0.206395 -2.45637 0.235639 -0.846788 
0.629323 0.37143 0.206395 -2.45637 0.235639 -0.846788 
0.629323 0.37143 0.206395 -2.45637 0.235639 -0.846788 
0.629323 0.37143 0.206395 -2.45637 0.235639 -0.846788 
0.629323 0.37143 0.206395 -2.45637 0.235639 -0.846788 
0.629323 0.37143 0.206395 -2.45637 0.235639 -0.846788 
0.629323 0.37143 0.206395 -2.45637 0.235639 -0.846788 
0.629323 0.37143 0.206395 -2.45637 0.235639 -0.846788 
0.629323 0.37143 0.206395 -2.45637 0.235639 -0.846788 
0.629323 0.37143 0.206395 -2.45637 0.235639 -0.846788 
0.629323 0.37143 0.206395 -2.45637 0.235639 -0.846788 
0.629323 0.37143 0.206395 -2.45637 0.235639 -0.846788 
0.629323 0.37143 0.206395 -2.45637 0.235639 -0.846788 
0.629323 0.37143 0.206395 -2.45637 0.235639 -0.846788 
0.629323 0.37143 0.206395 -2.45637 0.235639 -0.846788 
0.629323 0.37143 0.206395 -2.45637 0.235639 -0.846788 
0.629323 0.37143 0.206395 -2.45637 0.235639 -0.846788 
0.629323 0.37143 0.206395 -2.45637 0.235639 -0.846788 
0.629323 0.37143 0.206395 -2.45637 0.235639 -0.846788 
0.629323 0.37143 0.206395 -2.45637 0.235639 -0.846788 
0.629323 0.37143 0.206395 -2.45637 0.235639 -0.846788 
0.629323 0.37143 0.206395 -2.45637 0.235639 -0.846788 
0.629323 0.37143 0.206395 -2.45637 0.235639 -0.846788 
0.629323 0.37143 0.206395 -2.45637 0.235639 -0.846788 
0.629323 0.37143 0.206395 -2.45637 0.235639 -0.846788 
0.629323 0.37143 0.206395 -2.45637 0.235639 -0.846788 
0.629323 0.37143 0.206395 -2.45637 0.235639 -0.846788 
0.629323 0.37143 0.206395 -2.45637 0.235639 -0.846788 
0.629323 0.37143 0.206395 -2.45637 0.235639 -0.846788 
0.629323 0.37143 0.206395 -2.45637 0.235639 -0.846788 
0.629323 0.37143 0.206395 -2.45637 0.235639 -0.846788 
0.629323 0.37143 0.206395 -2.45637 0.235639 -0.846788 
0.629323 0.37143 0.206395 -2.45637 0.235639 -0.846788 
0.629323 0.37143 0.206395 -2.45637 0.235639 -0.846788 
0.629323 0.37143 0.206395 -2.45637 0.235639 -0.846788 
0.629323 0.37143 0.206395 -2.45637 0.235639 -0.846788 
0.629323 0.37143 0.206395 -2.45637 0.235639 -0.846788 
0.629323 0.37143 0.206395 -2.45637 0.235639 -0.846788 
0.629323 0.37143 0.206395 -2.45637 0.235639 -0.846788 
0.629323 0.37143 0.206395 -2.45637 0.235639 -0.846788 
0.629323 0.37143 0.206395 -2.45637 0.235639 -0.846788 
0.629323 0.37143 0.206395 -2.45637 0.235639 -0.846788 
0.629323 0.37143 0.206395 -2.45637 0.235639 -0.846788 
0.629323 0.37143 0.206395 -2.45637 0.235639 -0.846788 
0.629323 0.37143 0.206395 -2.45637 0.235639 -0.846788 
0.629323 0.37143 0.206395 -2.45637 0.235639 -0.846788 
0.629323 0.37143 0.206395 -2.45637 0.235639 -0.846788 
0.629323 0.37143 0.206395 -2.45637 0.235639 -0.846788 
0.629323 0.37143 0.206395 -2.45637 0.235639 -0.846788 
0.629323 0.37143 0.206395 -2.45637 0.235639 -0.846788 
0.629323 0.37143 0.206395 -2.45637 0.235639 -0.846788 
0.629323 0.37143 0.206395 -2.45637 0.235639 -0.846788 
0.629323 0.37143 0.206395 -2.45637 0.235639 -0.846788 
0.629323 0.37143 0.206395 -2.45637 0.235639 -0.846788 
0.629323 0.37143 0.206395 -2.45637 0.235639 -0.846788 
0.629323 0.37143 0.206395 -2.45637 0.235639 -0.846788 
0.629323 0.37143 0.206395 -2.45637 0.235639 -0.846788 
0.629323 0.37143 0.206395 -2.45637 0.235639 -0.846788 
0.629323 0.37143 0.206395 -2.45637 0.235639 -0.846788 
0.629323 0.37143 0.206395 -2.45637 0.235639 -0.846788 
0.629323 0.37143 0.206395 -2.45637 0.235639 -0.846788 
0.629323 0.37143 0.206395 -2.45637 0.235639 -0.846788 
0.629323 0.37143 0.206395 -2.45637 0.235639 -0.846788 
0.629323 0.37143 0.206395 -2.45637 0.235639 -0.846788 
0.629323 0.37143 0.206395 -2.45637 0.235639 -0.846788 
0.629323 0.37143 0.206395 -2.45637 0.235639 -0.846788 
0.629323 0.37143 0.206395 -2.45637 0.235639 -0.846788 
0.629323 0.37143 0.206395 -2.45637 0.235639 -0.846788 
0.629323 0.37143 0.206395 -2.45637 0.235639 -0.846788 
0.629323 0.37143 0.206395 -2.45637 0.235639 -0.846788 
0.629323 0.37143 0.206395 -2.45637 0.235639 -0.846788 
0.629323 0.37143 0.206395 -2.45637 0.235639 -0.846788 
0.629323 0.37143 0.206395 -2.45637 0.235639 -0.846788 
0.629323 0.37143 0.206395 -2.45637 0.235639 -0.846788 
0.629323 0.37143 0.206395 -2.45637 0.235639 -0.846788 
0.629323 0.37143 0.206395 -2.45637 0.235639 -0.846788 
0.629323 0.37143 0.206395 -2.45637 0.235639 -0.846788 
0.629323 0.37143 0.206395 -2.45637 0.235639 -0.846788 
0.629323 0.37143 0.206395 -2.45637 0.235639 -0.846788 
0.629323 0.37143 0.206395 -2.45637 0.235639 -0.846788 
0.629323 0.37143 0.206395 -2.45637 0.235639 -0.846788 
0.629323 0.37143 0.206395 -2.45637 0.235639 -0.846788 
0.629323 0.37143 0.206395 -2.45637 0.235639 -0.846788 
0.629323 0.37143 0.206395 -2.45637 0.235639 -0.846788 
0.629323 0.37143 0.206395 -2.45637 0.235639 -0.846788 
0.629323 0.37143 0.206395 -2.45637 0.235639 -0.846788 
0.629323 0.37143 0.206395 -2.45637 0.235639 -0.846788 
0.629323 0.37143 0.206395 -2.45637 0.235639 -0.846788 
0.629323 0.37143 0.206395 -2.45637 0.235639 -0.846788 
0.629323 0.37143 0.206395 -2.45637 0.235639 -0.846788 
0.629323 0.37143 0.206395 -2.45637 0.235639 -0.846788 
0.629323 0.37143 0.206395 -2.45637 0.235639 -0.846788 
0.629323 0.37143 0.206395 -2.45637 0.235639 -0.846788 
0.629323 0.37143 0.206395 -2.45637 0.235639 -0.846788 
0.629323 0.37143 0.206395 -2.45637 0.235639 -0.846788 
0.629323 0.37143 0.206395 -2.45637 0.235639 -0.846788 
0.629323 0.37143 0.206395 -2.45637 0.235639 -0.846788 
0.629323 0.37143 0.206395 -2.45637 0.235639 -0.846788 
0.629323 0.37143 0.206395 -2.45637 0.235639 -0.846788 
0.629323 0.37143 0.206395 -2.45637 0.235639 -0.846788 
0.629323 0.37143 0.206395 -2.45637 0.235639 -0.846788 
0.629323 0.37143 0.206395 -2.45637 0.235639 -0.846788 
0.629323 0.37143 0.206395 -2.45637 0.235639 -0.846788 
0.629323 0.37143 0.206395 -2.45637 0.235639 -0.846788 
0.629323 0.37143 0.206395 -2.45637 0.235639 -0.846788 
0.629323 0.37143 0.206395 -2.45637 0.235639 -0.846788 
0.629323 0.37143 0.206395 -2.45637 0.235639 -0.846788 
0.629323 0.37143 0.206395 -2.45637 0.235639 -0.846788 
0.629323 0.37143 0.206395 -2.45637 0.235639 -0.846788 
0.629323 0.37143 0.206395 -2.45637 0.235639 -0.846788 
0.629323 0.37143 0.206395 -2.45637 0.235639 -0.846788 
0.629323 0.37143 0.206395 -2.45637 0.235639 -0.846788 
0.629323 0.37143 0.206395 -2.45637 0.235639 -0.846788 
0.629323 0.37143 0.206395 -2.45637 0.235639 -0.846788 
0.629323 0.37143 0.206395 -2.45637 0.235639 -0.846788 
0.629323 0.37143 0.206395 -2.45637 0.235639 -0.846788 
0.629323 0.37143 0.206395 -2.45637 0.235639 -0.846788 
0.629323 0.37143 0.206395 -2.45637 0.235639 -0.846788 
0.629323 0.37143 0.206395 -2.45637 0.235639 -0.846788 
0.629323 0.37143 0.206395 -2.45637 0.235639 -0.846788 
0.629323 0.37143 0.206395 -2.45637 0.235639 -0.846788 
0.629323 0.37143 0.206395 -2.45637 0.235639 -0.846788 
0.629323 0.37143 0.206395 -2.45637 0.235639 -0.846788 
0.629323 0.37143 0.206395 -2.45637 0.235639 -0.846788 
0.629323 0.37143 0.206395 -2.45637 0.235639 -0.846788 
0.629323 0.37143 0.206395 -2.45637 0.235639 -0.846788 
0.629323 0.37143 0.206395 -2.45637 0.235639 -0.846788 
0.629323 0.37143 0.206395 -2.45637 0.235639 -0.846788 
0.629323 0.37143 0.206395 -2.45637 0.235639 -0.846788 
0.629323 0.37143 0.206395 -2.45637 0.235639 -0.846788 
0.629323 0.37143 0.206395 -2.45637 0.235639 -0.846788 
0.629323 0.37143 0.206395 -2.45637 0.235639 -0.846788 
0.629323 0.37143 0.206395 -2.45637 0.235639 -0.846788 
0.629323 0.37143 0.206395 -2.45637 0.235639 -0.846788 
0.629323 0.37143 0.206395 -2.45637 0.235639 -0.846788 
0.629323 0.37143 0.206395 -2.45637 0.235639 -0.846788 
0.629323 0.37143 0.206395 -2.45637 0.235639 -0.846788 
0.629323 0.37143 0.206395 -2.45637 0.235639 -0.846788 
0.629323 0.37143 0.206395 -2.45637 0.235639 -0.846788 
0.629323 0.37143 0.206395 -2.45637 0.235639 -0.846788 
0.629323 0.37143 0.206395 -2.45637 0.235639 -0.846788 
0.629323 0.37143 0.206395 -2.45637 0.235639 -0.846788 
0.629323 0.37143 0.206395 -2.45637 0.235639 -0.846788 
0.629323 0.37143 0.206395 -2.45637 0.235639 -0.846788 
0.629323 0.37143 0.206395 -2.45637 0.235639 -0.846788 
0.629323 0.37143 0.206395 -2.45637 0.235639 -0.846788 
0.629323 0.37143 0.206395 -2.45637 0.235639 -0.846788 
0.629323 0.37143 0.206395 -2.45637 0.235639 -0.846788 
0.629323 0.37143 0.206395 -2.45637 0.235639 -0.846788 
0.629323 0.37143 0.206395 -2.45637 0.235639 -0.846788 
0.629323 0.37143 0.206395 -2.45637 0.235639 -0.846788 
0.629323 0.37143 0.206395 -2.45637 0.235639 -0.846788 
0.629323 0.37143 0.206395 -2.45637 0.235639 -0.846788 
0.629323 0.37143 0.206395 -2.45637 0.235639 -0.846788 
0.629323 0.37143 0.206395 -2.45637 0.235639 -0.846788 
0.629323 0.37143 0.206395 -2.45637 0.235639 -0.846788 
0.629323 0.37143 0.206395 -2.45637 0.235639 -0.846788 
0.629323 0.37143 0.206395 -2.45637 0.235639 -0.846788 
0.629323 0.37143 0.206395 -2.45637 0.235639 -0.846788 
0.629323 0.37143 0.206395 -2.45637 0.235639 -0.846788 
0.629323 0.37143 0.206395 -2.45637 0.235639 -0.846788 
0.629323 0.37143 0.206395 -2.45637 0.235639 -0.846788 
0.629323 0.37143 0.206395 -2.45637 0.235639 -0.846788 
0.629323 0.37143 0.206395 -2.45637 0.235639 -0.846788 
0.629323 0.37143 0.206395 -2.45637 0.235639 -0.846788 
0.629323 0.37143 0.206395 -2.45637 0.235639 -0.846788 
0.629323 0.37143 0.206395 -2.45637 0.235639 -0.846788 
0.629323 0.37143 0.206395 -2.45637 0.235639 -0.846788 
0.629323 0.37143 0.206395 -2.45637 0.235639 -0.846788 
0.629323 0.37143 0.206395 -2.45637 0.235639 -0.846788 
0.629323 0.37143 0.206395 -2.45637 0.235639 -0.846788 
0.629323 0.37143 0.206395 -2.45637 0.235639 -0.846788 
0.629323 0.37143 0.206395 -2.45637 0.235639 -0.846788 
0.629323 0.37143 0.206395 -2.45637 0.235639 -0.846788 
0.629323 0.37143 0.206395 -2.45637 0.235639 -0.846788 
0.629323 0.37143 0.206395 -2.45637 0.235639 -0.846788 
0.629323 0.37143 0.206395 -2.45637 0.235639 -0.846788 
0.629323 0.37143 0.206395 -2.45637 0.235639 -0.846788 
0.629323 0.37143 0.206395 -2.45637 0.235639 -0.846788 
0.629323 0.37143 0.206395 -2.45637 0.235639 -0.846788 
0.629323 0.37143 0.206395 -2.45637 0.235639 -0.846788 
0.629323 0.37143 0.206395 -2.45637 0.235639 -0.846788 
0.629323 0.37143 0.206395 -2.45637 0.235639 -0.846788 
0.629323 0.37143 0.206395 -2.45637 0.235639 -0.846788 
0.629323 0.37143 0.206395 -2.45637 0.235639 -0.846788 
0.629323 0.37143 0.206395 -2.45637 0.235639 -0.846788 
0.629323 0.37143 0.206395 -2.45637 0.235639 -0.846788 
0.629323 0.37143 0.206395 -2.45637 0.235639 -0.846788 
0.629323 0.37143 0.206395 -2.45637 0.235639 -0.846788 
0.629323 0.37143 0.206395 -2.45637 0.235639 -0.846788 
0.629323 0.37143 0.206395 -2.45637 0.235639 -0.846788 
0.629323 0.37143 0.206395 -2.45637 0.235639 -0.846788 
0.629323 0.37143 0.206395 -2.45637 0.235639 -0.846788 
0.629323 0.37143 0.206395 -2.45637 0.235639 -0.846788 
0.629323 0.37143 0.206395 -2.45637 0.235639 -0.846788 
0.629323 0.37143 0.206395 -2.45637 0.235639 -0.846788 
0.629323 0.37143 0.206395 -2.45637 0.235639 -0.846788 
0.629323 0.37143 0.206395 -2.45637 0.235639 -0.846788 
0.629323 0.37143 0.206395 -2.45637 0.235639 -0.846788 
0.629323 0.37143 0.206395 -2.45637 0.235639 -0.846788 
0.629323 0.37143 0.206395 -2.45637 0.235639 -0.846788 
0.629323 0.37143 0.206395 -2.45637 0.235639 -0.846788 
0.629323 0.37143 0.206395 -2.45637 0.235639 -0.846788 
0.629323 0.37143 0.206395 -2.45637 0.235639 -0.846788 
0.629323 0.37143 0.206395 -2.45637 0.235639 -0.846788 
0.629323 0.37143 0.206395 -2.45637 0.235639 -0.846788 
0.629323 0.37143 0.206395 -2.45637 0.235639 -0.846788 
0.629323 0.37143 0.206395 -2.45637 0.235639 -0.846788 
0.629323 0.37143 0.206395 -2.45637 0.235639 -0.846788 
0.629323 0.37143 0.206395 -2.45637 0.235639 -0.846788 
0.629323 0.37143 0.206395 -2.45637 0.235639 -0.846788 
0.629323 0.37143 0.206395 -2.45637 0.235639 -0.846788 
0.629323 0.37143 0.206395 -2.45637 0.235639 -0.846788 
0.629323 0.37143 0.206395 -2.45637 0.235639 -0.846788 
0.629323 0.37143 0.206395 -2.45637 0.235639 -0.846788 
0.629323 0.37143 0.206395 -2.45637 0.235639 -0.846788 
0.629323 0.37143 0.206395 -2.45637 0.235639 -0.846788 
0.629323 0.37143 0.206395 -2.45637 0.235639 -0.846788 
0.629323 0.37143 0.206395 -2.45637 0.235639 -0.846788 
0.629323 0.37143 0.206395 -2.45637 0.235639 -0.846788 
0.629323 0.37143 0.206395 -2.45637 0.235639 -0.846788 
0.629323 0.37143 0.206395 -2.45637 0.235639 -0.846788 
0.629323 0.37143 0.206395 -2.45637 0.235639 -0.846788 
0.629323 0.37143 0.206395 -2.45637 0.235639 -0.846788 
0.629323 0.37143 0.206395 -2.45637 0.235639 -0.846788 
0.629323 0.37143 0.206395 -2.45637 0.235639 -0.846788 
0.629323 0.37143 0.206395 -2.45637 0.235639 -0.846788 
0.629323 0.37143 0.206395 -2.45637 0.235639 -0.846788 
0.629323 0.37143 0.206395 -2.45637 0.235639 -0.846788 
0.629323 0.37143 0.206395 -2.45637 0.235639 -0.846788 
0.629323 0.37143 0.206395 -2.45637 0.235639 -0.846788 
0.629323 0.37143 0.206395 -2.45637 0.235639 -0.846788 
0.629323 0.37143 0.206395 -2.45637 0.235639 -0.846788 
0.629323 0.37143 0.206395 -2.45637 0.235639 -0.846788 
0.629323 0.37143 0.206395 -2.45637 0.235639 -0.846788 
0.629323 0.37143 0.206395 -2.45637 0.235639 -0.846788 
0.629323 0.37143 0.206395 -2.45637 0.235639 -0.846788 
0.629323 0.37143 0.206395 -2.45637 0.235639 -0.846788 
0.629323 0.37143 0.206395 -2.45637 0.235639 -0.846788 
0.629323 0.37143 0.206395 -2.45637 0.235639 -0.846788 
0.629323 0.37143 0.206395 -2.45637 0.235639 -0.846788 
0.629323 0.37143 0.206395 -2.45637 0.235639 -0.846788 
0.629323 0.37143 0.206395 -2.45637 0.235639 -0.846788 
0.629323 0.37143 0.206395 -2.45637 0.235639 -0.846788 
0.629323 0.37143 0.206395 -2.45637 0.235639 -0.846788 
0.629323 0.37143 0.206395 -2.45637 0.235639 -0.846788 
0.629323 0.37143 0.206395 -2.45637 0.235639 -0.846788 
0.629323 0.37143 0.206395 -2.45637 0.235639 -0.846788 
0.629323 0.37143 0.206395 -2.45637 0.235639 -0.846788 
0.629323 0.37143 0.206395 -2.45637 0.235639 -0.846788 
0.629323 0.37143 0.206395 -2.45637 0.235639 -0.846788 
0.629323 0.37143 0.206395 -2.45637 0.235639 -0.846788 
0.629323 0.37143 0.206395 -2.45637 0.235639 -0.846788 
0.629323 0.37143 0.206395 -2.45637 0.235639 -0.846788 
0.629323 0.37143 0.206395 -2.45637 0.235639 -0.846788 
0.629323 0.37143 0.206395 -2.45637 0.235639 -0.846788 
0.629323 0.37143 0.206395 -2.45637 0.235639 -0.846788 
0.629323 0.37143 0.206395 -2.45637 0.235639 -0.846788 
0.629323 0.37143 0.206395 -2.45637 0.235639 -0.846788 
